1	1
2	34
3	99
4	196
5	325
6	486
7	679
8	904
9	137
10	426
11	747
12	76
13	461
14	878
15	303
16	784
17	273
18	818
19	371
20	980
21	597
22	246
23	951
24	664
25	409
26	186
27	1019
28	860
29	733
30	638
31	575
32	544
33	545
34	578
35	643
36	740
37	869
38	6
39	199
40	424
41	681
42	970
43	267
44	620
45	1005
46	398
47	847
48	304
49	817
50	338
51	915
52	500
53	117
54	790
55	471
56	184
57	953
58	730
59	539
60	380
61	253
62	158
63	95
64	64
65	65
66	98
67	163
68	260
69	389
70	550
71	743
72	968
73	201
74	490
75	811
76	140
77	525
78	942
79	367
80	848
81	337
82	882
83	435
84	20
85	661
86	310
87	1015
88	728
89	473
90	250
91	59
92	924
93	797
94	702
95	639
96	608
97	609
98	642
99	707
100	804
101	933
102	70
103	263
104	488
105	745
106	10
107	331
108	684
109	45
110	462
111	911
112	368
113	881
114	402
115	979
116	564
117	181
118	854
119	535
120	248
121	1017
122	794
123	603
124	444
125	317
126	222
127	159
128	128
129	129
130	162
131	227
132	324
133	453
134	614
135	807
136	8
137	265
138	554
139	875
140	204
141	589
142	1006
143	431
144	912
145	401
146	946
147	499
148	84
149	725
150	374
151	55
152	792
153	537
154	314
155	123
156	988
157	861
158	766
159	703
160	672
161	673
162	706
163	771
164	868
165	997
166	134
167	327
168	552
169	809
170	74
171	395
172	748
173	109
174	526
175	975
176	432
177	945
178	466
179	19
180	628
181	245
182	918
183	599
184	312
185	57
186	858
187	667
188	508
189	381
190	286
191	223
192	192
193	193
194	226
195	291
196	388
197	517
198	678
199	871
200	72
201	329
202	618
203	939
204	268
205	653
206	46
207	495
208	976
209	465
210	1010
211	563
212	148
213	789
214	438
215	119
216	856
217	601
218	378
219	187
220	28
221	925
222	830
223	767
224	736
225	737
226	770
227	835
228	932
229	37
230	198
231	391
232	616
233	873
234	138
235	459
236	812
237	173
238	590
239	15
240	496
241	1009
242	530
243	83
244	692
245	309
246	982
247	663
248	376
249	121
250	922
251	731
252	572
253	445
254	350
255	287
256	256
257	257
258	290
259	355
260	452
261	581
262	742
263	935
264	136
265	393
266	682
267	1003
268	332
269	717
270	110
271	559
272	16
273	529
274	50
275	627
276	212
277	853
278	502
279	183
280	920
281	665
282	442
283	251
284	92
285	989
286	894
287	831
288	800
289	801
290	834
291	899
292	996
293	101
294	262
295	455
296	680
297	937
298	202
299	523
300	876
301	237
302	654
303	79
304	560
305	49
306	594
307	147
308	756
309	373
310	22
311	727
312	440
313	185
314	986
315	795
316	636
317	509
318	414
319	351
320	320
321	321
322	354
323	419
324	516
325	645
326	806
327	999
328	200
329	457
330	746
331	43
332	396
333	781
334	174
335	623
336	80
337	593
338	114
339	691
340	276
341	917
342	566
343	247
344	984
345	729
346	506
347	315
348	156
349	29
350	958
351	895
352	864
353	865
354	898
355	963
356	36
357	165
358	326
359	519
360	744
361	1001
362	266
363	587
364	940
365	301
366	718
367	143
368	624
369	113
370	658
371	211
372	820
373	437
374	86
375	791
376	504
377	249
378	26
379	859
380	700
381	573
382	478
383	415
384	384
385	385
386	418
387	483
388	580
389	709
390	870
391	39
392	264
393	521
394	810
395	107
396	460
397	845
398	238
399	687
400	144
401	657
402	178
403	755
404	340
405	981
406	630
407	311
408	24
409	793
410	570
411	379
412	220
413	93
414	1022
415	959
416	928
417	929
418	962
419	3
420	100
421	229
422	390
423	583
424	808
425	41
426	330
427	651
428	1004
429	365
430	782
431	207
432	688
433	177
434	722
435	275
436	884
437	501
438	150
439	855
440	568
441	313
442	90
443	923
444	764
445	637
446	542
447	479
448	448
449	449
450	482
451	547
452	644
453	773
454	934
455	103
456	328
457	585
458	874
459	171
460	524
461	909
462	302
463	751
464	208
465	721
466	242
467	819
468	404
469	21
470	694
471	375
472	88
473	857
474	634
475	443
476	284
477	157
478	62
479	1023
480	992
481	993
482	2
483	67
484	164
485	293
486	454
487	647
488	872
489	105
490	394
491	715
492	44
493	429
494	846
495	271
496	752
497	241
498	786
499	339
500	948
501	565
502	214
503	919
504	632
505	377
506	154
507	987
508	828
509	701
510	606
511	543
512	512
513	513
514	546
515	611
516	708
517	837
518	998
519	167
520	392
521	649
522	938
523	235
524	588
525	973
526	366
527	815
528	272
529	785
530	306
531	883
532	468
533	85
534	758
535	439
536	152
537	921
538	698
539	507
540	348
541	221
542	126
543	63
544	32
545	33
546	66
547	131
548	228
549	357
550	518
551	711
552	936
553	169
554	458
555	779
556	108
557	493
558	910
559	335
560	816
561	305
562	850
563	403
564	1012
565	629
566	278
567	983
568	696
569	441
570	218
571	27
572	892
573	765
574	670
575	607
576	576
577	577
578	610
579	675
580	772
581	901
582	38
583	231
584	456
585	713
586	1002
587	299
588	652
589	13
590	430
591	879
592	336
593	849
594	370
595	947
596	532
597	149
598	822
599	503
600	216
601	985
602	762
603	571
604	412
605	285
606	190
607	127
608	96
609	97
610	130
611	195
612	292
613	421
614	582
615	775
616	1000
617	233
618	522
619	843
620	172
621	557
622	974
623	399
624	880
625	369
626	914
627	467
628	52
629	693
630	342
631	23
632	760
633	505
634	282
635	91
636	956
637	829
638	734
639	671
640	640
641	641
642	674
643	739
644	836
645	965
646	102
647	295
648	520
649	777
650	42
651	363
652	716
653	77
654	494
655	943
656	400
657	913
658	434
659	1011
660	596
661	213
662	886
663	567
664	280
665	25
666	826
667	635
668	476
669	349
670	254
671	191
672	160
673	161
674	194
675	259
676	356
677	485
678	646
679	839
680	40
681	297
682	586
683	907
684	236
685	621
686	14
687	463
688	944
689	433
690	978
691	531
692	116
693	757
694	406
695	87
696	824
697	569
698	346
699	155
700	1020
701	893
702	798
703	735
704	704
705	705
706	738
707	803
708	900
709	5
710	166
711	359
712	584
713	841
714	106
715	427
716	780
717	141
718	558
719	1007
720	464
721	977
722	498
723	51
724	660
725	277
726	950
727	631
728	344
729	89
730	890
731	699
732	540
733	413
734	318
735	255
736	224
737	225
738	258
739	323
740	420
741	549
742	710
743	903
744	104
745	361
746	650
747	971
748	300
749	685
750	78
751	527
752	1008
753	497
754	18
755	595
756	180
757	821
758	470
759	151
760	888
761	633
762	410
763	219
764	60
765	957
766	862
767	799
768	768
769	769
770	802
771	867
772	964
773	69
774	230
775	423
776	648
777	905
778	170
779	491
780	844
781	205
782	622
783	47
784	528
785	17
786	562
787	115
788	724
789	341
790	1014
791	695
792	408
793	153
794	954
795	763
796	604
797	477
798	382
799	319
800	288
801	289
802	322
803	387
804	484
805	613
806	774
807	967
808	168
809	425
810	714
811	11
812	364
813	749
814	142
815	591
816	48
817	561
818	82
819	659
820	244
821	885
822	534
823	215
824	952
825	697
826	474
827	283
828	124
829	1021
830	926
831	863
832	832
833	833
834	866
835	931
836	4
837	133
838	294
839	487
840	712
841	969
842	234
843	555
844	908
845	269
846	686
847	111
848	592
849	81
850	626
851	179
852	788
853	405
854	54
855	759
856	472
857	217
858	1018
859	827
860	668
861	541
862	446
863	383
864	352
865	353
866	386
867	451
868	548
869	677
870	838
871	7
872	232
873	489
874	778
875	75
876	428
877	813
878	206
879	655
880	112
881	625
882	146
883	723
884	308
885	949
886	598
887	279
888	1016
889	761
890	538
891	347
892	188
893	61
894	990
895	927
896	896
897	897
898	930
899	995
900	68
901	197
902	358
903	551
904	776
905	9
906	298
907	619
908	972
909	333
910	750
911	175
912	656
913	145
914	690
915	243
916	852
917	469
918	118
919	823
920	536
921	281
922	58
923	891
924	732
925	605
926	510
927	447
928	416
929	417
930	450
931	515
932	612
933	741
934	902
935	71
936	296
937	553
938	842
939	139
940	492
941	877
942	270
943	719
944	176
945	689
946	210
947	787
948	372
949	1013
950	662
951	343
952	56
953	825
954	602
955	411
956	252
957	125
958	30
959	991
960	960
961	961
962	994
963	35
964	132
965	261
966	422
967	615
968	840
969	73
970	362
971	683
972	12
973	397
974	814
975	239
976	720
977	209
978	754
979	307
980	916
981	533
982	182
983	887
984	600
985	345
986	122
987	955
988	796
989	669
990	574
991	511
992	480
993	481
994	514
995	579
996	676
997	805
998	966
999	135
1000	360
1001	617
1002	906
1003	203
1004	556
1005	941
1006	334
1007	783
1008	240
1009	753
1010	274
1011	851
1012	436
1013	53
1014	726
1015	407
1016	120
1017	889
1018	666
1019	475
1020	316
1021	189
1022	94
1023	31
1024	0
1025	1
1026	34
1027	99
1028	196
1029	325
1030	486
1031	679
1032	904
1033	137
1034	426
1035	747
1036	76
1037	461
1038	878
1039	303
1040	784
1041	273
1042	818
1043	371
1044	980
1045	597
1046	246
1047	951
1048	664
1049	409
1050	186
1051	1019
1052	860
1053	733
1054	638
1055	575
1056	544
1057	545
1058	578
1059	643
1060	740
1061	869
1062	6
1063	199
1064	424
1065	681
1066	970
1067	267
1068	620
1069	1005
1070	398
1071	847
1072	304
1073	817
1074	338
1075	915
1076	500
1077	117
1078	790
1079	471
1080	184
1081	953
1082	730
1083	539
1084	380
1085	253
1086	158
1087	95
1088	64
1089	65
1090	98
1091	163
1092	260
1093	389
1094	550
1095	743
1096	968
1097	201
1098	490
1099	811
1100	140
1101	525
1102	942
1103	367
1104	848
1105	337
1106	882
1107	435
1108	20
1109	661
1110	310
1111	1015
1112	728
1113	473
1114	250
1115	59
1116	924
1117	797
1118	702
1119	639
1120	608
1121	609
1122	642
1123	707
1124	804
1125	933
1126	70
1127	263
1128	488
1129	745
1130	10
1131	331
1132	684
1133	45
1134	462
1135	911
1136	368
1137	881
1138	402
1139	979
1140	564
1141	181
1142	854
1143	535
1144	248
1145	1017
1146	794
1147	603
1148	444
1149	317
1150	222
1151	159
1152	128
1153	129
1154	162
1155	227
1156	324
1157	453
1158	614
1159	807
1160	8
1161	265
1162	554
1163	875
1164	204
1165	589
1166	1006
1167	431
1168	912
1169	401
1170	946
1171	499
1172	84
1173	725
1174	374
1175	55
1176	792
1177	537
1178	314
1179	123
1180	988
1181	861
1182	766
1183	703
1184	672
1185	673
1186	706
1187	771
1188	868
1189	997
1190	134
1191	327
1192	552
1193	809
1194	74
1195	395
1196	748
1197	109
1198	526
1199	975
1200	432
1201	945
1202	466
1203	19
1204	628
1205	245
1206	918
1207	599
1208	312
1209	57
1210	858
1211	667
1212	508
1213	381
1214	286
1215	223
1216	192
1217	193
1218	226
1219	291
1220	388
1221	517
1222	678
1223	871
1224	72
1225	329
1226	618
1227	939
1228	268
1229	653
1230	46
1231	495
1232	976
1233	465
1234	1010
1235	563
1236	148
1237	789
1238	438
1239	119
1240	856
1241	601
1242	378
1243	187
1244	28
1245	925
1246	830
1247	767
1248	736
1249	737
1250	770
1251	835
1252	932
1253	37
1254	198
1255	391
1256	616
1257	873
1258	138
1259	459
1260	812
1261	173
1262	590
1263	15
1264	496
1265	1009
1266	530
1267	83
1268	692
1269	309
1270	982
1271	663
1272	376
1273	121
1274	922
1275	731
1276	572
1277	445
1278	350
1279	287
1280	256
1281	257
1282	290
1283	355
1284	452
1285	581
1286	742
1287	935
1288	136
1289	393
1290	682
1291	1003
1292	332
1293	717
1294	110
1295	559
1296	16
1297	529
1298	50
1299	627
1300	212
1301	853
1302	502
1303	183
1304	920
1305	665
1306	442
1307	251
1308	92
1309	989
1310	894
1311	831
1312	800
1313	801
1314	834
1315	899
1316	996
1317	101
1318	262
1319	455
1320	680
1321	937
1322	202
1323	523
1324	876
1325	237
1326	654
1327	79
1328	560
1329	49
1330	594
1331	147
1332	756
1333	373
1334	22
1335	727
1336	440
1337	185
1338	986
1339	795
1340	636
1341	509
1342	414
1343	351
1344	320
1345	321
1346	354
1347	419
1348	516
1349	645
1350	806
1351	999
1352	200
1353	457
1354	746
1355	43
1356	396
1357	781
1358	174
1359	623
1360	80
1361	593
1362	114
1363	691
1364	276
1365	917
1366	566
1367	247
1368	984
1369	729
1370	506
1371	315
1372	156
1373	29
1374	958
1375	895
1376	864
1377	865
1378	898
1379	963
1380	36
1381	165
1382	326
1383	519
1384	744
1385	1001
1386	266
1387	587
1388	940
1389	301
1390	718
1391	143
1392	624
1393	113
1394	658
1395	211
1396	820
1397	437
1398	86
1399	791
1400	504
1401	249
1402	26
1403	859
1404	700
1405	573
1406	478
1407	415
1408	384
1409	385
1410	418
1411	483
1412	580
1413	709
1414	870
1415	39
1416	264
1417	521
1418	810
1419	107
1420	460
1421	845
1422	238
1423	687
1424	144
1425	657
1426	178
1427	755
1428	340
1429	981
1430	630
1431	311
1432	24
1433	793
1434	570
1435	379
1436	220
1437	93
1438	1022
1439	959
1440	928
1441	929
1442	962
1443	3
1444	100
1445	229
1446	390
1447	583
1448	808
1449	41
1450	330
1451	651
1452	1004
1453	365
1454	782
1455	207
1456	688
1457	177
1458	722
1459	275
1460	884
1461	501
1462	150
1463	855
1464	568
1465	313
1466	90
1467	923
1468	764
1469	637
1470	542
1471	479
1472	448
1473	449
1474	482
1475	547
1476	644
1477	773
1478	934
1479	103
1480	328
1481	585
1482	874
1483	171
1484	524
1485	909
1486	302
1487	751
1488	208
1489	721
1490	242
1491	819
1492	404
1493	21
1494	694
1495	375
1496	88
1497	857
1498	634
1499	443
1500	284
1501	157
1502	62
1503	1023
1504	992
1505	993
1506	2
1507	67
1508	164
1509	293
1510	454
1511	647
1512	872
1513	105
1514	394
1515	715
1516	44
1517	429
1518	846
1519	271
1520	752
1521	241
1522	786
1523	339
1524	948
1525	565
1526	214
1527	919
1528	632
1529	377
1530	154
1531	987
1532	828
1533	701
1534	606
1535	543
1536	512
1537	513
1538	546
1539	611
1540	708
1541	837
1542	998
1543	167
1544	392
1545	649
1546	938
1547	235
1548	588
1549	973
1550	366
1551	815
1552	272
1553	785
1554	306
1555	883
1556	468
1557	85
1558	758
1559	439
1560	152
1561	921
1562	698
1563	507
1564	348
1565	221
1566	126
1567	63
1568	32
1569	33
1570	66
1571	131
1572	228
1573	357
1574	518
1575	711
1576	936
1577	169
1578	458
1579	779
1580	108
1581	493
1582	910
1583	335
1584	816
1585	305
1586	850
1587	403
1588	1012
1589	629
1590	278
1591	983
1592	696
1593	441
1594	218
1595	27
1596	892
1597	765
1598	670
1599	607
1600	576
1601	577
1602	610
1603	675
1604	772
1605	901
1606	38
1607	231
1608	456
1609	713
1610	1002
1611	299
1612	652
1613	13
1614	430
1615	879
1616	336
1617	849
1618	370
1619	947
1620	532
1621	149
1622	822
1623	503
1624	216
1625	985
1626	762
1627	571
1628	412
1629	285
1630	190
1631	127
1632	96
1633	97
1634	130
1635	195
1636	292
1637	421
1638	582
1639	775
1640	1000
1641	233
1642	522
1643	843
1644	172
1645	557
1646	974
1647	399
1648	880
1649	369
1650	914
1651	467
1652	52
1653	693
1654	342
1655	23
1656	760
1657	505
1658	282
1659	91
1660	956
1661	829
1662	734
1663	671
1664	640
1665	641
1666	674
1667	739
1668	836
1669	965
1670	102
1671	295
1672	520
1673	777
1674	42
1675	363
1676	716
1677	77
1678	494
1679	943
1680	400
1681	913
1682	434
1683	1011
1684	596
1685	213
1686	886
1687	567
1688	280
1689	25
1690	826
1691	635
1692	476
1693	349
1694	254
1695	191
1696	160
1697	161
1698	194
1699	259
1700	356
1701	485
1702	646
1703	839
1704	40
1705	297
1706	586
1707	907
1708	236
1709	621
1710	14
1711	463
1712	944
1713	433
1714	978
1715	531
1716	116
1717	757
1718	406
1719	87
1720	824
1721	569
1722	346
1723	155
1724	1020
1725	893
1726	798
1727	735
1728	704
1729	705
1730	738
1731	803
1732	900
1733	5
1734	166
1735	359
1736	584
1737	841
1738	106
1739	427
1740	780
1741	141
1742	558
1743	1007
1744	464
1745	977
1746	498
1747	51
1748	660
1749	277
1750	950
1751	631
1752	344
1753	89
1754	890
1755	699
1756	540
1757	413
1758	318
1759	255
1760	224
1761	225
1762	258
1763	323
1764	420
1765	549
1766	710
1767	903
1768	104
1769	361
1770	650
1771	971
1772	300
1773	685
1774	78
1775	527
1776	1008
1777	497
1778	18
1779	595
1780	180
1781	821
1782	470
1783	151
1784	888
1785	633
1786	410
1787	219
1788	60
1789	957
1790	862
1791	799
1792	768
1793	769
1794	802
1795	867
1796	964
1797	69
1798	230
1799	423
1800	648
1801	905
1802	170
1803	491
1804	844
1805	205
1806	622
1807	47
1808	528
1809	17
1810	562
1811	115
1812	724
1813	341
1814	1014
1815	695
1816	408
1817	153
1818	954
1819	763
1820	604
1821	477
1822	382
1823	319
1824	288
1825	289
1826	322
1827	387
1828	484
1829	613
1830	774
1831	967
1832	168
1833	425
1834	714
1835	11
1836	364
1837	749
1838	142
1839	591
1840	48
1841	561
1842	82
1843	659
1844	244
1845	885
1846	534
1847	215
1848	952
1849	697
1850	474
1851	283
1852	124
1853	1021
1854	926
1855	863
1856	832
1857	833
1858	866
1859	931
1860	4
1861	133
1862	294
1863	487
1864	712
1865	969
1866	234
1867	555
1868	908
1869	269
1870	686
1871	111
1872	592
1873	81
1874	626
1875	179
1876	788
1877	405
1878	54
1879	759
1880	472
1881	217
1882	1018
1883	827
1884	668
1885	541
1886	446
1887	383
1888	352
1889	353
1890	386
1891	451
1892	548
1893	677
1894	838
1895	7
1896	232
1897	489
1898	778
1899	75
1900	428
1901	813
1902	206
1903	655
1904	112
1905	625
1906	146
1907	723
1908	308
1909	949
1910	598
1911	279
1912	1016
1913	761
1914	538
1915	347
1916	188
1917	61
1918	990
1919	927
1920	896
1921	897
1922	930
1923	995
1924	68
1925	197
1926	358
1927	551
1928	776
1929	9
1930	298
1931	619
1932	972
1933	333
1934	750
1935	175
1936	656
1937	145
1938	690
1939	243
1940	852
1941	469
1942	118
1943	823
1944	536
1945	281
1946	58
1947	891
1948	732
1949	605
1950	510
1951	447
1952	416
1953	417
1954	450
1955	515
1956	612
1957	741
1958	902
1959	71
1960	296
1961	553
1962	842
1963	139
1964	492
1965	877
1966	270
1967	719
1968	176
1969	689
1970	210
1971	787
1972	372
1973	1013
1974	662
1975	343
1976	56
1977	825
1978	602
1979	411
1980	252
1981	125
1982	30
1983	991
1984	960
1985	961
1986	994
1987	35
1988	132
1989	261
1990	422
1991	615
1992	840
1993	73
1994	362
1995	683
1996	12
1997	397
1998	814
1999	239
2000	720
2001	209
2002	754
2003	307
2004	916
2005	533
2006	182
2007	887
2008	600
2009	345
2010	122
2011	955
2012	796
2013	669
2014	574
2015	511
2016	480
2017	481
2018	514
2019	579
2020	676
2021	805
2022	966
2023	135
2024	360
2025	617
2026	906
2027	203
2028	556
2029	941
2030	334
2031	783
2032	240
2033	753
2034	274
2035	851
2036	436
2037	53
2038	726
2039	407
2040	120
2041	889
2042	666
2043	475
2044	316
2045	189
2046	94
2047	31
2048	0
2049	1
2050	34
2051	99
2052	196
2053	325
2054	486
2055	679
2056	904
2057	137
2058	426
2059	747
2060	76
2061	461
2062	878
2063	303
2064	784
2065	273
2066	818
2067	371
2068	980
2069	597
2070	246
2071	951
2072	664
2073	409
2074	186
2075	1019
2076	860
2077	733
2078	638
2079	575
2080	544
2081	545
2082	578
2083	643
2084	740
2085	869
2086	6
2087	199
2088	424
2089	681
2090	970
2091	267
2092	620
2093	1005
2094	398
2095	847
2096	304
2097	817
2098	338
2099	915
2100	500
2101	117
2102	790
2103	471
2104	184
2105	953
2106	730
2107	539
2108	380
2109	253
2110	158
2111	95
2112	64
2113	65
2114	98
2115	163
2116	260
2117	389
2118	550
2119	743
2120	968
2121	201
2122	490
2123	811
2124	140
2125	525
2126	942
2127	367
2128	848
2129	337
2130	882
2131	435
2132	20
2133	661
2134	310
2135	1015
2136	728
2137	473
2138	250
2139	59
2140	924
2141	797
2142	702
2143	639
2144	608
2145	609
2146	642
2147	707
2148	804
2149	933
2150	70
2151	263
2152	488
2153	745
2154	10
2155	331
2156	684
2157	45
2158	462
2159	911
2160	368
2161	881
2162	402
2163	979
2164	564
2165	181
2166	854
2167	535
2168	248
2169	1017
2170	794
2171	603
2172	444
2173	317
2174	222
2175	159
2176	128
2177	129
2178	162
2179	227
2180	324
2181	453
2182	614
2183	807
2184	8
2185	265
2186	554
2187	875
2188	204
2189	589
2190	1006
2191	431
2192	912
2193	401
2194	946
2195	499
2196	84
2197	725
2198	374
2199	55
2200	792
2201	537
2202	314
2203	123
2204	988
2205	861
2206	766
2207	703
2208	672
2209	673
2210	706
2211	771
2212	868
2213	997
2214	134
2215	327
2216	552
2217	809
2218	74
2219	395
2220	748
2221	109
2222	526
2223	975
2224	432
2225	945
2226	466
2227	19
2228	628
2229	245
2230	918
2231	599
2232	312
2233	57
2234	858
2235	667
2236	508
2237	381
2238	286
2239	223
2240	192
2241	193
2242	226
2243	291
2244	388
2245	517
2246	678
2247	871
2248	72
2249	329
2250	618
2251	939
2252	268
2253	653
2254	46
2255	495
2256	976
2257	465
2258	1010
2259	563
2260	148
2261	789
2262	438
2263	119
2264	856
2265	601
2266	378
2267	187
2268	28
2269	925
2270	830
2271	767
2272	736
2273	737
2274	770
2275	835
2276	932
2277	37
2278	198
2279	391
2280	616
2281	873
2282	138
2283	459
2284	812
2285	173
2286	590
2287	15
2288	496
2289	1009
2290	530
2291	83
2292	692
2293	309
2294	982
2295	663
2296	376
2297	121
2298	922
2299	731
2300	572
2301	445
2302	350
2303	287
2304	256
2305	257
2306	290
2307	355
2308	452
2309	581
2310	742
2311	935
2312	136
2313	393
2314	682
2315	1003
2316	332
2317	717
2318	110
2319	559
2320	16
2321	529
2322	50
2323	627
2324	212
2325	853
2326	502
2327	183
2328	920
2329	665
2330	442
2331	251
2332	92
2333	989
2334	894
2335	831
2336	800
2337	801
2338	834
2339	899
2340	996
2341	101
2342	262
2343	455
2344	680
2345	937
2346	202
2347	523
2348	876
2349	237
2350	654
2351	79
2352	560
2353	49
2354	594
2355	147
2356	756
2357	373
2358	22
2359	727
2360	440
2361	185
2362	986
2363	795
2364	636
2365	509
2366	414
2367	351
2368	320
2369	321
2370	354
2371	419
2372	516
2373	645
2374	806
2375	999
2376	200
2377	457
2378	746
2379	43
2380	396
2381	781
2382	174
2383	623
2384	80
2385	593
2386	114
2387	691
2388	276
2389	917
2390	566
2391	247
2392	984
2393	729
2394	506
2395	315
2396	156
2397	29
2398	958
2399	895
2400	864
2401	865
2402	898
2403	963
2404	36
2405	165
2406	326
2407	519
2408	744
2409	1001
2410	266
2411	587
2412	940
2413	301
2414	718
2415	143
2416	624
2417	113
2418	658
2419	211
2420	820
2421	437
2422	86
2423	791
2424	504
2425	249
2426	26
2427	859
2428	700
2429	573
2430	478
2431	415
2432	384
2433	385
2434	418
2435	483
2436	580
2437	709
2438	870
2439	39
2440	264
2441	521
2442	810
2443	107
2444	460
2445	845
2446	238
2447	687
2448	144
2449	657
2450	178
2451	755
2452	340
2453	981
2454	630
2455	311
2456	24
2457	793
2458	570
2459	379
2460	220
2461	93
2462	1022
2463	959
2464	928
2465	929
2466	962
2467	3
2468	100
2469	229
2470	390
2471	583
2472	808
2473	41
2474	330
2475	651
2476	1004
2477	365
2478	782
2479	207
2480	688
2481	177
2482	722
2483	275
2484	884
2485	501
2486	150
2487	855
2488	568
2489	313
2490	90
2491	923
2492	764
2493	637
2494	542
2495	479
2496	448
2497	449
2498	482
2499	547
2500	644
2501	773
2502	934
2503	103
2504	328
2505	585
2506	874
2507	171
2508	524
2509	909
2510	302
2511	751
2512	208
2513	721
2514	242
2515	819
2516	404
2517	21
2518	694
2519	375
2520	88
2521	857
2522	634
2523	443
2524	284
2525	157
2526	62
2527	1023
2528	992
2529	993
2530	2
2531	67
2532	164
2533	293
2534	454
2535	647
2536	872
2537	105
2538	394
2539	715
2540	44
2541	429
2542	846
2543	271
2544	752
2545	241
2546	786
2547	339
2548	948
2549	565
2550	214
2551	919
2552	632
2553	377
2554	154
2555	987
2556	828
2557	701
2558	606
2559	543
2560	512
2561	513
2562	546
2563	611
2564	708
2565	837
2566	998
2567	167
2568	392
2569	649
2570	938
2571	235
2572	588
2573	973
2574	366
2575	815
2576	272
2577	785
2578	306
2579	883
2580	468
2581	85
2582	758
2583	439
2584	152
2585	921
2586	698
2587	507
2588	348
2589	221
2590	126
2591	63
2592	32
2593	33
2594	66
2595	131
2596	228
2597	357
2598	518
2599	711
2600	936
2601	169
2602	458
2603	779
2604	108
2605	493
2606	910
2607	335
2608	816
2609	305
2610	850
2611	403
2612	1012
2613	629
2614	278
2615	983
2616	696
2617	441
2618	218
2619	27
2620	892
2621	765
2622	670
2623	607
2624	576
2625	577
2626	610
2627	675
2628	772
2629	901
2630	38
2631	231
2632	456
2633	713
2634	1002
2635	299
2636	652
2637	13
2638	430
2639	879
2640	336
2641	849
2642	370
2643	947
2644	532
2645	149
2646	822
2647	503
2648	216
2649	985
2650	762
2651	571
2652	412
2653	285
2654	190
2655	127
2656	96
2657	97
2658	130
2659	195
2660	292
2661	421
2662	582
2663	775
2664	1000
2665	233
2666	522
2667	843
2668	172
2669	557
2670	974
2671	399
2672	880
2673	369
2674	914
2675	467
2676	52
2677	693
2678	342
2679	23
2680	760
2681	505
2682	282
2683	91
2684	956
2685	829
2686	734
2687	671
2688	640
2689	641
2690	674
2691	739
2692	836
2693	965
2694	102
2695	295
2696	520
2697	777
2698	42
2699	363
2700	716
2701	77
2702	494
2703	943
2704	400
2705	913
2706	434
2707	1011
2708	596
2709	213
2710	886
2711	567
2712	280
2713	25
2714	826
2715	635
2716	476
2717	349
2718	254
2719	191
2720	160
2721	161
2722	194
2723	259
2724	356
2725	485
2726	646
2727	839
2728	40
2729	297
2730	586
2731	907
2732	236
2733	621
2734	14
2735	463
2736	944
2737	433
2738	978
2739	531
2740	116
2741	757
2742	406
2743	87
2744	824
2745	569
2746	346
2747	155
2748	1020
2749	893
2750	798
2751	735
2752	704
2753	705
2754	738
2755	803
2756	900
2757	5
2758	166
2759	359
2760	584
2761	841
2762	106
2763	427
2764	780
2765	141
2766	558
2767	1007
2768	464
2769	977
2770	498
2771	51
2772	660
2773	277
2774	950
2775	631
2776	344
2777	89
2778	890
2779	699
2780	540
2781	413
2782	318
2783	255
2784	224
2785	225
2786	258
2787	323
2788	420
2789	549
2790	710
2791	903
2792	104
2793	361
2794	650
2795	971
2796	300
2797	685
2798	78
2799	527
2800	1008
2801	497
2802	18
2803	595
2804	180
2805	821
2806	470
2807	151
2808	888
2809	633
2810	410
2811	219
2812	60
2813	957
2814	862
2815	799
2816	768
2817	769
2818	802
2819	867
2820	964
2821	69
2822	230
2823	423
2824	648
2825	905
2826	170
2827	491
2828	844
2829	205
2830	622
2831	47
2832	528
2833	17
2834	562
2835	115
2836	724
2837	341
2838	1014
2839	695
2840	408
2841	153
2842	954
2843	763
2844	604
2845	477
2846	382
2847	319
2848	288
2849	289
2850	322
2851	387
2852	484
2853	613
2854	774
2855	967
2856	168
2857	425
2858	714
2859	11
2860	364
2861	749
2862	142
2863	591
2864	48
2865	561
2866	82
2867	659
2868	244
2869	885
2870	534
2871	215
2872	952
2873	697
2874	474
2875	283
2876	124
2877	1021
2878	926
2879	863
2880	832
2881	833
2882	866
2883	931
2884	4
2885	133
2886	294
2887	487
2888	712
2889	969
2890	234
2891	555
2892	908
2893	269
2894	686
2895	111
2896	592
2897	81
2898	626
2899	179
2900	788
2901	405
2902	54
2903	759
2904	472
2905	217
2906	1018
2907	827
2908	668
2909	541
2910	446
2911	383
2912	352
2913	353
2914	386
2915	451
2916	548
2917	677
2918	838
2919	7
2920	232
2921	489
2922	778
2923	75
2924	428
2925	813
2926	206
2927	655
2928	112
2929	625
2930	146
2931	723
2932	308
2933	949
2934	598
2935	279
2936	1016
2937	761
2938	538
2939	347
2940	188
2941	61
2942	990
2943	927
2944	896
2945	897
2946	930
2947	995
2948	68
2949	197
2950	358
2951	551
2952	776
2953	9
2954	298
2955	619
2956	972
2957	333
2958	750
2959	175
2960	656
2961	145
2962	690
2963	243
2964	852
2965	469
2966	118
2967	823
2968	536
2969	281
2970	58
2971	891
2972	732
2973	605
2974	510
2975	447
2976	416
2977	417
2978	450
2979	515
2980	612
2981	741
2982	902
2983	71
2984	296
2985	553
2986	842
2987	139
2988	492
2989	877
2990	270
2991	719
2992	176
2993	689
2994	210
2995	787
2996	372
2997	1013
2998	662
2999	343
3000	56
3001	825
3002	602
3003	411
3004	252
3005	125
3006	30
3007	991
3008	960
3009	961
3010	994
3011	35
3012	132
3013	261
3014	422
3015	615
3016	840
3017	73
3018	362
3019	683
3020	12
3021	397
3022	814
3023	239
3024	720
3025	209
3026	754
3027	307
3028	916
3029	533
3030	182
3031	887
3032	600
3033	345
3034	122
3035	955
3036	796
3037	669
3038	574
3039	511
3040	480
3041	481
3042	514
3043	579
3044	676
3045	805
3046	966
3047	135
3048	360
3049	617
3050	906
3051	203
3052	556
3053	941
3054	334
3055	783
3056	240
3057	753
3058	274
3059	851
3060	436
3061	53
3062	726
3063	407
3064	120
3065	889
3066	666
3067	475
3068	316
3069	189
3070	94
3071	31
3072	0
3073	1
3074	34
3075	99
3076	196
3077	325
3078	486
3079	679
3080	904
3081	137
3082	426
3083	747
3084	76
3085	461
3086	878
3087	303
3088	784
3089	273
3090	818
3091	371
3092	980
3093	597
3094	246
3095	951
3096	664
3097	409
3098	186
3099	1019
3100	860
3101	733
3102	638
3103	575
3104	544
3105	545
3106	578
3107	643
3108	740
3109	869
3110	6
3111	199
3112	424
3113	681
3114	970
3115	267
3116	620
3117	1005
3118	398
3119	847
3120	304
3121	817
3122	338
3123	915
3124	500
3125	117
3126	790
3127	471
3128	184
3129	953
3130	730
3131	539
3132	380
3133	253
3134	158
3135	95
3136	64
3137	65
3138	98
3139	163
3140	260
3141	389
3142	550
3143	743
3144	968
3145	201
3146	490
3147	811
3148	140
3149	525
3150	942
3151	367
3152	848
3153	337
3154	882
3155	435
3156	20
3157	661
3158	310
3159	1015
3160	728
3161	473
3162	250
3163	59
3164	924
3165	797
3166	702
3167	639
3168	608
3169	609
3170	642
3171	707
3172	804
3173	933
3174	70
3175	263
3176	488
3177	745
3178	10
3179	331
3180	684
3181	45
3182	462
3183	911
3184	368
3185	881
3186	402
3187	979
3188	564
3189	181
3190	854
3191	535
3192	248
3193	1017
3194	794
3195	603
3196	444
3197	317
3198	222
3199	159
3200	128
3201	129
3202	162
3203	227
3204	324
3205	453
3206	614
3207	807
3208	8
3209	265
3210	554
3211	875
3212	204
3213	589
3214	1006
3215	431
3216	912
3217	401
3218	946
3219	499
3220	84
3221	725
3222	374
3223	55
3224	792
3225	537
3226	314
3227	123
3228	988
3229	861
3230	766
3231	703
3232	672
3233	673
3234	706
3235	771
3236	868
3237	997
3238	134
3239	327
3240	552
3241	809
3242	74
3243	395
3244	748
3245	109
3246	526
3247	975
3248	432
3249	945
3250	466
3251	19
3252	628
3253	245
3254	918
3255	599
3256	312
3257	57
3258	858
3259	667
3260	508
3261	381
3262	286
3263	223
3264	192
3265	193
3266	226
3267	291
3268	388
3269	517
3270	678
3271	871
3272	72
3273	329
3274	618
3275	939
3276	268
3277	653
3278	46
3279	495
3280	976
3281	465
3282	1010
3283	563
3284	148
3285	789
3286	438
3287	119
3288	856
3289	601
3290	378
3291	187
3292	28
3293	925
3294	830
3295	767
3296	736
3297	737
3298	770
3299	835
3300	932
3301	37
3302	198
3303	391
3304	616
3305	873
3306	138
3307	459
3308	812
3309	173
3310	590
3311	15
3312	496
3313	1009
3314	530
3315	83
3316	692
3317	309
3318	982
3319	663
3320	376
3321	121
3322	922
3323	731
3324	572
3325	445
3326	350
3327	287
3328	256
3329	257
3330	290
3331	355
3332	452
3333	581
3334	742
3335	935
3336	136
3337	393
3338	682
3339	1003
3340	332
3341	717
3342	110
3343	559
3344	16
3345	529
3346	50
3347	627
3348	212
3349	853
3350	502
3351	183
3352	920
3353	665
3354	442
3355	251
3356	92
3357	989
3358	894
3359	831
3360	800
3361	801
3362	834
3363	899
3364	996
3365	101
3366	262
3367	455
3368	680
3369	937
3370	202
3371	523
3372	876
3373	237
3374	654
3375	79
3376	560
3377	49
3378	594
3379	147
3380	756
3381	373
3382	22
3383	727
3384	440
3385	185
3386	986
3387	795
3388	636
3389	509
3390	414
3391	351
3392	320
3393	321
3394	354
3395	419
3396	516
3397	645
3398	806
3399	999
3400	200
3401	457
3402	746
3403	43
3404	396
3405	781
3406	174
3407	623
3408	80
3409	593
3410	114
3411	691
3412	276
3413	917
3414	566
3415	247
3416	984
3417	729
3418	506
3419	315
3420	156
3421	29
3422	958
3423	895
3424	864
3425	865
3426	898
3427	963
3428	36
3429	165
3430	326
3431	519
3432	744
3433	1001
3434	266
3435	587
3436	940
3437	301
3438	718
3439	143
3440	624
3441	113
3442	658
3443	211
3444	820
3445	437
3446	86
3447	791
3448	504
3449	249
3450	26
3451	859
3452	700
3453	573
3454	478
3455	415
3456	384
3457	385
3458	418
3459	483
3460	580
3461	709
3462	870
3463	39
3464	264
3465	521
3466	810
3467	107
3468	460
3469	845
3470	238
3471	687
3472	144
3473	657
3474	178
3475	755
3476	340
3477	981
3478	630
3479	311
3480	24
3481	793
3482	570
3483	379
3484	220
3485	93
3486	1022
3487	959
3488	928
3489	929
3490	962
3491	3
3492	100
3493	229
3494	390
3495	583
3496	808
3497	41
3498	330
3499	651
3500	1004
3501	365
3502	782
3503	207
3504	688
3505	177
3506	722
3507	275
3508	884
3509	501
3510	150
3511	855
3512	568
3513	313
3514	90
3515	923
3516	764
3517	637
3518	542
3519	479
3520	448
3521	449
3522	482
3523	547
3524	644
3525	773
3526	934
3527	103
3528	328
3529	585
3530	874
3531	171
3532	524
3533	909
3534	302
3535	751
3536	208
3537	721
3538	242
3539	819
3540	404
3541	21
3542	694
3543	375
3544	88
3545	857
3546	634
3547	443
3548	284
3549	157
3550	62
3551	1023
3552	992
3553	993
3554	2
3555	67
3556	164
3557	293
3558	454
3559	647
3560	872
3561	105
3562	394
3563	715
3564	44
3565	429
3566	846
3567	271
3568	752
3569	241
3570	786
3571	339
3572	948
3573	565
3574	214
3575	919
3576	632
3577	377
3578	154
3579	987
3580	828
3581	701
3582	606
3583	543
3584	512
3585	513
3586	546
3587	611
3588	708
3589	837
3590	998
3591	167
3592	392
3593	649
3594	938
3595	235
3596	588
3597	973
3598	366
3599	815
3600	272
3601	785
3602	306
3603	883
3604	468
3605	85
3606	758
3607	439
3608	152
3609	921
3610	698
3611	507
3612	348
3613	221
3614	126
3615	63
3616	32
3617	33
3618	66
3619	131
3620	228
3621	357
3622	518
3623	711
3624	936
3625	169
3626	458
3627	779
3628	108
3629	493
3630	910
3631	335
3632	816
3633	305
3634	850
3635	403
3636	1012
3637	629
3638	278
3639	983
3640	696
3641	441
3642	218
3643	27
3644	892
3645	765
3646	670
3647	607
3648	576
3649	577
3650	610
3651	675
3652	772
3653	901
3654	38
3655	231
3656	456
3657	713
3658	1002
3659	299
3660	652
3661	13
3662	430
3663	879
3664	336
3665	849
3666	370
3667	947
3668	532
3669	149
3670	822
3671	503
3672	216
3673	985
3674	762
3675	571
3676	412
3677	285
3678	190
3679	127
3680	96
3681	97
3682	130
3683	195
3684	292
3685	421
3686	582
3687	775
3688	1000
3689	233
3690	522
3691	843
3692	172
3693	557
3694	974
3695	399
3696	880
3697	369
3698	914
3699	467
3700	52
3701	693
3702	342
3703	23
3704	760
3705	505
3706	282
3707	91
3708	956
3709	829
3710	734
3711	671
3712	640
3713	641
3714	674
3715	739
3716	836
3717	965
3718	102
3719	295
3720	520
3721	777
3722	42
3723	363
3724	716
3725	77
3726	494
3727	943
3728	400
3729	913
3730	434
3731	1011
3732	596
3733	213
3734	886
3735	567
3736	280
3737	25
3738	826
3739	635
3740	476
3741	349
3742	254
3743	191
3744	160
3745	161
3746	194
3747	259
3748	356
3749	485
3750	646
3751	839
3752	40
3753	297
3754	586
3755	907
3756	236
3757	621
3758	14
3759	463
3760	944
3761	433
3762	978
3763	531
3764	116
3765	757
3766	406
3767	87
3768	824
3769	569
3770	346
3771	155
3772	1020
3773	893
3774	798
3775	735
3776	704
3777	705
3778	738
3779	803
3780	900
3781	5
3782	166
3783	359
3784	584
3785	841
3786	106
3787	427
3788	780
3789	141
3790	558
3791	1007
3792	464
3793	977
3794	498
3795	51
3796	660
3797	277
3798	950
3799	631
3800	344
3801	89
3802	890
3803	699
3804	540
3805	413
3806	318
3807	255
3808	224
3809	225
3810	258
3811	323
3812	420
3813	549
3814	710
3815	903
3816	104
3817	361
3818	650
3819	971
3820	300
3821	685
3822	78
3823	527
3824	1008
3825	497
3826	18
3827	595
3828	180
3829	821
3830	470
3831	151
3832	888
3833	633
3834	410
3835	219
3836	60
3837	957
3838	862
3839	799
3840	768
3841	769
3842	802
3843	867
3844	964
3845	69
3846	230
3847	423
3848	648
3849	905
3850	170
3851	491
3852	844
3853	205
3854	622
3855	47
3856	528
3857	17
3858	562
3859	115
3860	724
3861	341
3862	1014
3863	695
3864	408
3865	153
3866	954
3867	763
3868	604
3869	477
3870	382
3871	319
3872	288
3873	289
3874	322
3875	387
3876	484
3877	613
3878	774
3879	967
3880	168
3881	425
3882	714
3883	11
3884	364
3885	749
3886	142
3887	591
3888	48
3889	561
3890	82
3891	659
3892	244
3893	885
3894	534
3895	215
3896	952
3897	697
3898	474
3899	283
3900	124
3901	1021
3902	926
3903	863
3904	832
3905	833
3906	866
3907	931
3908	4
3909	133
3910	294
3911	487
3912	712
3913	969
3914	234
3915	555
3916	908
3917	269
3918	686
3919	111
3920	592
3921	81
3922	626
3923	179
3924	788
3925	405
3926	54
3927	759
3928	472
3929	217
3930	1018
3931	827
3932	668
3933	541
3934	446
3935	383
3936	352
3937	353
3938	386
3939	451
3940	548
3941	677
3942	838
3943	7
3944	232
3945	489
3946	778
3947	75
3948	428
3949	813
3950	206
3951	655
3952	112
3953	625
3954	146
3955	723
3956	308
3957	949
3958	598
3959	279
3960	1016
3961	761
3962	538
3963	347
3964	188
3965	61
3966	990
3967	927
3968	896
3969	897
3970	930
3971	995
3972	68
3973	197
3974	358
3975	551
3976	776
3977	9
3978	298
3979	619
3980	972
3981	333
3982	750
3983	175
3984	656
3985	145
3986	690
3987	243
3988	852
3989	469
3990	118
3991	823
3992	536
3993	281
3994	58
3995	891
3996	732
3997	605
3998	510
3999	447
4000	416
4001	417
4002	450
4003	515
4004	612
4005	741
4006	902
4007	71
4008	296
4009	553
4010	842
4011	139
4012	492
4013	877
4014	270
4015	719
4016	176
4017	689
4018	210
4019	787
4020	372
4021	1013
4022	662
4023	343
4024	56
4025	825
4026	602
4027	411
4028	252
4029	125
4030	30
4031	991
4032	960
4033	961
4034	994
4035	35
4036	132
4037	261
4038	422
4039	615
4040	840
4041	73
4042	362
4043	683
4044	12
4045	397
4046	814
4047	239
4048	720
4049	209
4050	754
4051	307
4052	916
4053	533
4054	182
4055	887
4056	600
4057	345
4058	122
4059	955
4060	796
4061	669
4062	574
4063	511
4064	480
4065	481
4066	514
4067	579
4068	676
4069	805
4070	966
4071	135
4072	360
4073	617
4074	906
4075	203
4076	556
4077	941
4078	334
4079	783
4080	240
4081	753
4082	274
4083	851
4084	436
4085	53
4086	726
4087	407
4088	120
4089	889
4090	666
4091	475
4092	316
4093	189
4094	94
4095	31
4096	0
4097	1
4098	34
4099	99
4100	196
4101	325
4102	486
4103	679
4104	904
4105	137
4106	426
4107	747
4108	76
4109	461
4110	878
4111	303
4112	784
4113	273
4114	818
4115	371
4116	980
4117	597
4118	246
4119	951
4120	664
4121	409
4122	186
4123	1019
4124	860
4125	733
4126	638
4127	575
4128	544
4129	545
4130	578
4131	643
4132	740
4133	869
4134	6
4135	199
4136	424
4137	681
4138	970
4139	267
4140	620
4141	1005
4142	398
4143	847
4144	304
4145	817
4146	338
4147	915
4148	500
4149	117
4150	790
4151	471
4152	184
4153	953
4154	730
4155	539
4156	380
4157	253
4158	158
4159	95
4160	64
4161	65
4162	98
4163	163
4164	260
4165	389
4166	550
4167	743
4168	968
4169	201
4170	490
4171	811
4172	140
4173	525
4174	942
4175	367
4176	848
4177	337
4178	882
4179	435
4180	20
4181	661
4182	310
4183	1015
4184	728
4185	473
4186	250
4187	59
4188	924
4189	797
4190	702
4191	639
4192	608
4193	609
4194	642
4195	707
4196	804
4197	933
4198	70
4199	263
4200	488
4201	745
4202	10
4203	331
4204	684
4205	45
4206	462
4207	911
4208	368
4209	881
4210	402
4211	979
4212	564
4213	181
4214	854
4215	535
4216	248
4217	1017
4218	794
4219	603
4220	444
4221	317
4222	222
4223	159
4224	128
4225	129
4226	162
4227	227
4228	324
4229	453
4230	614
4231	807
4232	8
4233	265
4234	554
4235	875
4236	204
4237	589
4238	1006
4239	431
4240	912
4241	401
4242	946
4243	499
4244	84
4245	725
4246	374
4247	55
4248	792
4249	537
4250	314
4251	123
4252	988
4253	861
4254	766
4255	703
4256	672
4257	673
4258	706
4259	771
4260	868
4261	997
4262	134
4263	327
4264	552
4265	809
4266	74
4267	395
4268	748
4269	109
4270	526
4271	975
4272	432
4273	945
4274	466
4275	19
4276	628
4277	245
4278	918
4279	599
4280	312
4281	57
4282	858
4283	667
4284	508
4285	381
4286	286
4287	223
4288	192
4289	193
4290	226
4291	291
4292	388
4293	517
4294	678
4295	871
4296	72
4297	329
4298	618
4299	939
4300	268
4301	653
4302	46
4303	495
4304	976
4305	465
4306	1010
4307	563
4308	148
4309	789
4310	438
4311	119
4312	856
4313	601
4314	378
4315	187
4316	28
4317	925
4318	830
4319	767
4320	736
4321	737
4322	770
4323	835
4324	932
4325	37
4326	198
4327	391
4328	616
4329	873
4330	138
4331	459
4332	812
4333	173
4334	590
4335	15
4336	496
4337	1009
4338	530
4339	83
4340	692
4341	309
4342	982
4343	663
4344	376
4345	121
4346	922
4347	731
4348	572
4349	445
4350	350
4351	287
4352	256
4353	257
4354	290
4355	355
4356	452
4357	581
4358	742
4359	935
4360	136
4361	393
4362	682
4363	1003
4364	332
4365	717
4366	110
4367	559
4368	16
4369	529
4370	50
4371	627
4372	212
4373	853
4374	502
4375	183
4376	920
4377	665
4378	442
4379	251
4380	92
4381	989
4382	894
4383	831
4384	800
4385	801
4386	834
4387	899
4388	996
4389	101
4390	262
4391	455
4392	680
4393	937
4394	202
4395	523
4396	876
4397	237
4398	654
4399	79
4400	560
4401	49
4402	594
4403	147
4404	756
4405	373
4406	22
4407	727
4408	440
4409	185
4410	986
4411	795
4412	636
4413	509
4414	414
4415	351
4416	320
4417	321
4418	354
4419	419
4420	516
4421	645
4422	806
4423	999
4424	200
4425	457
4426	746
4427	43
4428	396
4429	781
4430	174
4431	623
4432	80
4433	593
4434	114
4435	691
4436	276
4437	917
4438	566
4439	247
4440	984
4441	729
4442	506
4443	315
4444	156
4445	29
4446	958
4447	895
4448	864
4449	865
4450	898
4451	963
4452	36
4453	165
4454	326
4455	519
4456	744
4457	1001
4458	266
4459	587
4460	940
4461	301
4462	718
4463	143
4464	624
4465	113
4466	658
4467	211
4468	820
4469	437
4470	86
4471	791
4472	504
4473	249
4474	26
4475	859
4476	700
4477	573
4478	478
4479	415
4480	384
4481	385
4482	418
4483	483
4484	580
4485	709
4486	870
4487	39
4488	264
4489	521
4490	810
4491	107
4492	460
4493	845
4494	238
4495	687
4496	144
4497	657
4498	178
4499	755
4500	340
4501	981
4502	630
4503	311
4504	24
4505	793
4506	570
4507	379
4508	220
4509	93
4510	1022
4511	959
4512	928
4513	929
4514	962
4515	3
4516	100
4517	229
4518	390
4519	583
4520	808
4521	41
4522	330
4523	651
4524	1004
4525	365
4526	782
4527	207
4528	688
4529	177
4530	722
4531	275
4532	884
4533	501
4534	150
4535	855
4536	568
4537	313
4538	90
4539	923
4540	764
4541	637
4542	542
4543	479
4544	448
4545	449
4546	482
4547	547
4548	644
4549	773
4550	934
4551	103
4552	328
4553	585
4554	874
4555	171
4556	524
4557	909
4558	302
4559	751
4560	208
4561	721
4562	242
4563	819
4564	404
4565	21
4566	694
4567	375
4568	88
4569	857
4570	634
4571	443
4572	284
4573	157
4574	62
4575	1023
4576	992
4577	993
4578	2
4579	67
4580	164
4581	293
4582	454
4583	647
4584	872
4585	105
4586	394
4587	715
4588	44
4589	429
4590	846
4591	271
4592	752
4593	241
4594	786
4595	339
4596	948
4597	565
4598	214
4599	919
4600	632
4601	377
4602	154
4603	987
4604	828
4605	701
4606	606
4607	543
4608	512
4609	513
4610	546
4611	611
4612	708
4613	837
4614	998
4615	167
4616	392
4617	649
4618	938
4619	235
4620	588
4621	973
4622	366
4623	815
4624	272
4625	785
4626	306
4627	883
4628	468
4629	85
4630	758
4631	439
4632	152
4633	921
4634	698
4635	507
4636	348
4637	221
4638	126
4639	63
4640	32
4641	33
4642	66
4643	131
4644	228
4645	357
4646	518
4647	711
4648	936
4649	169
4650	458
4651	779
4652	108
4653	493
4654	910
4655	335
4656	816
4657	305
4658	850
4659	403
4660	1012
4661	629
4662	278
4663	983
4664	696
4665	441
4666	218
4667	27
4668	892
4669	765
4670	670
4671	607
4672	576
4673	577
4674	610
4675	675
4676	772
4677	901
4678	38
4679	231
4680	456
4681	713
4682	1002
4683	299
4684	652
4685	13
4686	430
4687	879
4688	336
4689	849
4690	370
4691	947
4692	532
4693	149
4694	822
4695	503
4696	216
4697	985
4698	762
4699	571
4700	412
4701	285
4702	190
4703	127
4704	96
4705	97
4706	130
4707	195
4708	292
4709	421
4710	582
4711	775
4712	1000
4713	233
4714	522
4715	843
4716	172
4717	557
4718	974
4719	399
4720	880
4721	369
4722	914
4723	467
4724	52
4725	693
4726	342
4727	23
4728	760
4729	505
4730	282
4731	91
4732	956
4733	829
4734	734
4735	671
4736	640
4737	641
4738	674
4739	739
4740	836
4741	965
4742	102
4743	295
4744	520
4745	777
4746	42
4747	363
4748	716
4749	77
4750	494
4751	943
4752	400
4753	913
4754	434
4755	1011
4756	596
4757	213
4758	886
4759	567
4760	280
4761	25
4762	826
4763	635
4764	476
4765	349
4766	254
4767	191
4768	160
4769	161
4770	194
4771	259
4772	356
4773	485
4774	646
4775	839
4776	40
4777	297
4778	586
4779	907
4780	236
4781	621
4782	14
4783	463
4784	944
4785	433
4786	978
4787	531
4788	116
4789	757
4790	406
4791	87
4792	824
4793	569
4794	346
4795	155
4796	1020
4797	893
4798	798
4799	735
4800	704
4801	705
4802	738
4803	803
4804	900
4805	5
4806	166
4807	359
4808	584
4809	841
4810	106
4811	427
4812	780
4813	141
4814	558
4815	1007
4816	464
4817	977
4818	498
4819	51
4820	660
4821	277
4822	950
4823	631
4824	344
4825	89
4826	890
4827	699
4828	540
4829	413
4830	318
4831	255
4832	224
4833	225
4834	258
4835	323
4836	420
4837	549
4838	710
4839	903
4840	104
4841	361
4842	650
4843	971
4844	300
4845	685
4846	78
4847	527
4848	1008
4849	497
4850	18
4851	595
4852	180
4853	821
4854	470
4855	151
4856	888
4857	633
4858	410
4859	219
4860	60
4861	957
4862	862
4863	799
4864	768
4865	769
4866	802
4867	867
4868	964
4869	69
4870	230
4871	423
4872	648
4873	905
4874	170
4875	491
4876	844
4877	205
4878	622
4879	47
4880	528
4881	17
4882	562
4883	115
4884	724
4885	341
4886	1014
4887	695
4888	408
4889	153
4890	954
4891	763
4892	604
4893	477
4894	382
4895	319
4896	288
4897	289
4898	322
4899	387
4900	484
4901	613
4902	774
4903	967
4904	168
4905	425
4906	714
4907	11
4908	364
4909	749
4910	142
4911	591
4912	48
4913	561
4914	82
4915	659
4916	244
4917	885
4918	534
4919	215
4920	952
4921	697
4922	474
4923	283
4924	124
4925	1021
4926	926
4927	863
4928	832
4929	833
4930	866
4931	931
4932	4
4933	133
4934	294
4935	487
4936	712
4937	969
4938	234
4939	555
4940	908
4941	269
4942	686
4943	111
4944	592
4945	81
4946	626
4947	179
4948	788
4949	405
4950	54
4951	759
4952	472
4953	217
4954	1018
4955	827
4956	668
4957	541
4958	446
4959	383
4960	352
4961	353
4962	386
4963	451
4964	548
4965	677
4966	838
4967	7
4968	232
4969	489
4970	778
4971	75
4972	428
4973	813
4974	206
4975	655
4976	112
4977	625
4978	146
4979	723
4980	308
4981	949
4982	598
4983	279
4984	1016
4985	761
4986	538
4987	347
4988	188
4989	61
4990	990
4991	927
4992	896
4993	897
4994	930
4995	995
4996	68
4997	197
4998	358
4999	551
5000	776
5001	9
5002	298
5003	619
5004	972
5005	333
5006	750
5007	175
5008	656
5009	145
5010	690
5011	243
5012	852
5013	469
5014	118
5015	823
5016	536
5017	281
5018	58
5019	891
5020	732
5021	605
5022	510
5023	447
5024	416
5025	417
5026	450
5027	515
5028	612
5029	741
5030	902
5031	71
5032	296
5033	553
5034	842
5035	139
5036	492
5037	877
5038	270
5039	719
5040	176
5041	689
5042	210
5043	787
5044	372
5045	1013
5046	662
5047	343
5048	56
5049	825
5050	602
5051	411
5052	252
5053	125
5054	30
5055	991
5056	960
5057	961
5058	994
5059	35
5060	132
5061	261
5062	422
5063	615
5064	840
5065	73
5066	362
5067	683
5068	12
5069	397
5070	814
5071	239
5072	720
5073	209
5074	754
5075	307
5076	916
5077	533
5078	182
5079	887
5080	600
5081	345
5082	122
5083	955
5084	796
5085	669
5086	574
5087	511
5088	480
5089	481
5090	514
5091	579
5092	676
5093	805
5094	966
5095	135
5096	360
5097	617
5098	906
5099	203
5100	556
5101	941
5102	334
5103	783
5104	240
5105	753
5106	274
5107	851
5108	436
5109	53
5110	726
5111	407
5112	120
5113	889
5114	666
5115	475
5116	316
5117	189
5118	94
5119	31
5120	0
5121	1
5122	34
5123	99
5124	196
5125	325
5126	486
5127	679
5128	904
5129	137
5130	426
5131	747
5132	76
5133	461
5134	878
5135	303
5136	784
5137	273
5138	818
5139	371
5140	980
5141	597
5142	246
5143	951
5144	664
5145	409
5146	186
5147	1019
5148	860
5149	733
5150	638
5151	575
5152	544
5153	545
5154	578
5155	643
5156	740
5157	869
5158	6
5159	199
5160	424
5161	681
5162	970
5163	267
5164	620
5165	1005
5166	398
5167	847
5168	304
5169	817
5170	338
5171	915
5172	500
5173	117
5174	790
5175	471
5176	184
5177	953
5178	730
5179	539
5180	380
5181	253
5182	158
5183	95
5184	64
5185	65
5186	98
5187	163
5188	260
5189	389
5190	550
5191	743
5192	968
5193	201
5194	490
5195	811
5196	140
5197	525
5198	942
5199	367
5200	848
5201	337
5202	882
5203	435
5204	20
5205	661
5206	310
5207	1015
5208	728
5209	473
5210	250
5211	59
5212	924
5213	797
5214	702
5215	639
5216	608
5217	609
5218	642
5219	707
5220	804
5221	933
5222	70
5223	263
5224	488
5225	745
5226	10
5227	331
5228	684
5229	45
5230	462
5231	911
5232	368
5233	881
5234	402
5235	979
5236	564
5237	181
5238	854
5239	535
5240	248
5241	1017
5242	794
5243	603
5244	444
5245	317
5246	222
5247	159
5248	128
5249	129
5250	162
5251	227
5252	324
5253	453
5254	614
5255	807
5256	8
5257	265
5258	554
5259	875
5260	204
5261	589
5262	1006
5263	431
5264	912
5265	401
5266	946
5267	499
5268	84
5269	725
5270	374
5271	55
5272	792
5273	537
5274	314
5275	123
5276	988
5277	861
5278	766
5279	703
5280	672
5281	673
5282	706
5283	771
5284	868
5285	997
5286	134
5287	327
5288	552
5289	809
5290	74
5291	395
5292	748
5293	109
5294	526
5295	975
5296	432
5297	945
5298	466
5299	19
5300	628
5301	245
5302	918
5303	599
5304	312
5305	57
5306	858
5307	667
5308	508
5309	381
5310	286
5311	223
5312	192
5313	193
5314	226
5315	291
5316	388
5317	517
5318	678
5319	871
5320	72
5321	329
5322	618
5323	939
5324	268
5325	653
5326	46
5327	495
5328	976
5329	465
5330	1010
5331	563
5332	148
5333	789
5334	438
5335	119
5336	856
5337	601
5338	378
5339	187
5340	28
5341	925
5342	830
5343	767
5344	736
5345	737
5346	770
5347	835
5348	932
5349	37
5350	198
5351	391
5352	616
5353	873
5354	138
5355	459
5356	812
5357	173
5358	590
5359	15
5360	496
5361	1009
5362	530
5363	83
5364	692
5365	309
5366	982
5367	663
5368	376
5369	121
5370	922
5371	731
5372	572
5373	445
5374	350
5375	287
5376	256
5377	257
5378	290
5379	355
5380	452
5381	581
5382	742
5383	935
5384	136
5385	393
5386	682
5387	1003
5388	332
5389	717
5390	110
5391	559
5392	16
5393	529
5394	50
5395	627
5396	212
5397	853
5398	502
5399	183
5400	920
5401	665
5402	442
5403	251
5404	92
5405	989
5406	894
5407	831
5408	800
5409	801
5410	834
5411	899
5412	996
5413	101
5414	262
5415	455
5416	680
5417	937
5418	202
5419	523
5420	876
5421	237
5422	654
5423	79
5424	560
5425	49
5426	594
5427	147
5428	756
5429	373
5430	22
5431	727
5432	440
5433	185
5434	986
5435	795
5436	636
5437	509
5438	414
5439	351
5440	320
5441	321
5442	354
5443	419
5444	516
5445	645
5446	806
5447	999
5448	200
5449	457
5450	746
5451	43
5452	396
5453	781
5454	174
5455	623
5456	80
5457	593
5458	114
5459	691
5460	276
5461	917
5462	566
5463	247
5464	984
5465	729
5466	506
5467	315
5468	156
5469	29
5470	958
5471	895
5472	864
5473	865
5474	898
5475	963
5476	36
5477	165
5478	326
5479	519
5480	744
5481	1001
5482	266
5483	587
5484	940
5485	301
5486	718
5487	143
5488	624
5489	113
5490	658
5491	211
5492	820
5493	437
5494	86
5495	791
5496	504
5497	249
5498	26
5499	859
5500	700
5501	573
5502	478
5503	415
5504	384
5505	385
5506	418
5507	483
5508	580
5509	709
5510	870
5511	39
5512	264
5513	521
5514	810
5515	107
5516	460
5517	845
5518	238
5519	687
5520	144
5521	657
5522	178
5523	755
5524	340
5525	981
5526	630
5527	311
5528	24
5529	793
5530	570
5531	379
5532	220
5533	93
5534	1022
5535	959
5536	928
5537	929
5538	962
5539	3
5540	100
5541	229
5542	390
5543	583
5544	808
5545	41
5546	330
5547	651
5548	1004
5549	365
5550	782
5551	207
5552	688
5553	177
5554	722
5555	275
5556	884
5557	501
5558	150
5559	855
5560	568
5561	313
5562	90
5563	923
5564	764
5565	637
5566	542
5567	479
5568	448
5569	449
5570	482
5571	547
5572	644
5573	773
5574	934
5575	103
5576	328
5577	585
5578	874
5579	171
5580	524
5581	909
5582	302
5583	751
5584	208
5585	721
5586	242
5587	819
5588	404
5589	21
5590	694
5591	375
5592	88
5593	857
5594	634
5595	443
5596	284
5597	157
5598	62
5599	1023
5600	992
5601	993
5602	2
5603	67
5604	164
5605	293
5606	454
5607	647
5608	872
5609	105
5610	394
5611	715
5612	44
5613	429
5614	846
5615	271
5616	752
5617	241
5618	786
5619	339
5620	948
5621	565
5622	214
5623	919
5624	632
5625	377
5626	154
5627	987
5628	828
5629	701
5630	606
5631	543
5632	512
5633	513
5634	546
5635	611
5636	708
5637	837
5638	998
5639	167
5640	392
5641	649
5642	938
5643	235
5644	588
5645	973
5646	366
5647	815
5648	272
5649	785
5650	306
5651	883
5652	468
5653	85
5654	758
5655	439
5656	152
5657	921
5658	698
5659	507
5660	348
5661	221
5662	126
5663	63
5664	32
5665	33
5666	66
5667	131
5668	228
5669	357
5670	518
5671	711
5672	936
5673	169
5674	458
5675	779
5676	108
5677	493
5678	910
5679	335
5680	816
5681	305
5682	850
5683	403
5684	1012
5685	629
5686	278
5687	983
5688	696
5689	441
5690	218
5691	27
5692	892
5693	765
5694	670
5695	607
5696	576
5697	577
5698	610
5699	675
5700	772
5701	901
5702	38
5703	231
5704	456
5705	713
5706	1002
5707	299
5708	652
5709	13
5710	430
5711	879
5712	336
5713	849
5714	370
5715	947
5716	532
5717	149
5718	822
5719	503
5720	216
5721	985
5722	762
5723	571
5724	412
5725	285
5726	190
5727	127
5728	96
5729	97
5730	130
5731	195
5732	292
5733	421
5734	582
5735	775
5736	1000
5737	233
5738	522
5739	843
5740	172
5741	557
5742	974
5743	399
5744	880
5745	369
5746	914
5747	467
5748	52
5749	693
5750	342
5751	23
5752	760
5753	505
5754	282
5755	91
5756	956
5757	829
5758	734
5759	671
5760	640
5761	641
5762	674
5763	739
5764	836
5765	965
5766	102
5767	295
5768	520
5769	777
5770	42
5771	363
5772	716
5773	77
5774	494
5775	943
5776	400
5777	913
5778	434
5779	1011
5780	596
5781	213
5782	886
5783	567
5784	280
5785	25
5786	826
5787	635
5788	476
5789	349
5790	254
5791	191
5792	160
5793	161
5794	194
5795	259
5796	356
5797	485
5798	646
5799	839
5800	40
5801	297
5802	586
5803	907
5804	236
5805	621
5806	14
5807	463
5808	944
5809	433
5810	978
5811	531
5812	116
5813	757
5814	406
5815	87
5816	824
5817	569
5818	346
5819	155
5820	1020
5821	893
5822	798
5823	735
5824	704
5825	705
5826	738
5827	803
5828	900
5829	5
5830	166
5831	359
5832	584
5833	841
5834	106
5835	427
5836	780
5837	141
5838	558
5839	1007
5840	464
5841	977
5842	498
5843	51
5844	660
5845	277
5846	950
5847	631
5848	344
5849	89
5850	890
5851	699
5852	540
5853	413
5854	318
5855	255
5856	224
5857	225
5858	258
5859	323
5860	420
5861	549
5862	710
5863	903
5864	104
5865	361
5866	650
5867	971
5868	300
5869	685
5870	78
5871	527
5872	1008
5873	497
5874	18
5875	595
5876	180
5877	821
5878	470
5879	151
5880	888
5881	633
5882	410
5883	219
5884	60
5885	957
5886	862
5887	799
5888	768
5889	769
5890	802
5891	867
5892	964
5893	69
5894	230
5895	423
5896	648
5897	905
5898	170
5899	491
5900	844
5901	205
5902	622
5903	47
5904	528
5905	17
5906	562
5907	115
5908	724
5909	341
5910	1014
5911	695
5912	408
5913	153
5914	954
5915	763
5916	604
5917	477
5918	382
5919	319
5920	288
5921	289
5922	322
5923	387
5924	484
5925	613
5926	774
5927	967
5928	168
5929	425
5930	714
5931	11
5932	364
5933	749
5934	142
5935	591
5936	48
5937	561
5938	82
5939	659
5940	244
5941	885
5942	534
5943	215
5944	952
5945	697
5946	474
5947	283
5948	124
5949	1021
5950	926
5951	863
5952	832
5953	833
5954	866
5955	931
5956	4
5957	133
5958	294
5959	487
5960	712
5961	969
5962	234
5963	555
5964	908
5965	269
5966	686
5967	111
5968	592
5969	81
5970	626
5971	179
5972	788
5973	405
5974	54
5975	759
5976	472
5977	217
5978	1018
5979	827
5980	668
5981	541
5982	446
5983	383
5984	352
5985	353
5986	386
5987	451
5988	548
5989	677
5990	838
5991	7
5992	232
5993	489
5994	778
5995	75
5996	428
5997	813
5998	206
5999	655
6000	112
6001	625
6002	146
6003	723
6004	308
6005	949
6006	598
6007	279
6008	1016
6009	761
6010	538
6011	347
6012	188
6013	61
6014	990
6015	927
6016	896
6017	897
6018	930
6019	995
6020	68
6021	197
6022	358
6023	551
6024	776
6025	9
6026	298
6027	619
6028	972
6029	333
6030	750
6031	175
6032	656
6033	145
6034	690
6035	243
6036	852
6037	469
6038	118
6039	823
6040	536
6041	281
6042	58
6043	891
6044	732
6045	605
6046	510
6047	447
6048	416
6049	417
6050	450
6051	515
6052	612
6053	741
6054	902
6055	71
6056	296
6057	553
6058	842
6059	139
6060	492
6061	877
6062	270
6063	719
6064	176
6065	689
6066	210
6067	787
6068	372
6069	1013
6070	662
6071	343
6072	56
6073	825
6074	602
6075	411
6076	252
6077	125
6078	30
6079	991
6080	960
6081	961
6082	994
6083	35
6084	132
6085	261
6086	422
6087	615
6088	840
6089	73
6090	362
6091	683
6092	12
6093	397
6094	814
6095	239
6096	720
6097	209
6098	754
6099	307
6100	916
6101	533
6102	182
6103	887
6104	600
6105	345
6106	122
6107	955
6108	796
6109	669
6110	574
6111	511
6112	480
6113	481
6114	514
6115	579
6116	676
6117	805
6118	966
6119	135
6120	360
6121	617
6122	906
6123	203
6124	556
6125	941
6126	334
6127	783
6128	240
6129	753
6130	274
6131	851
6132	436
6133	53
6134	726
6135	407
6136	120
6137	889
6138	666
6139	475
6140	316
6141	189
6142	94
6143	31
6144	0
6145	1
6146	34
6147	99
6148	196
6149	325
6150	486
6151	679
6152	904
6153	137
6154	426
6155	747
6156	76
6157	461
6158	878
6159	303
6160	784
6161	273
6162	818
6163	371
6164	980
6165	597
6166	246
6167	951
6168	664
6169	409
6170	186
6171	1019
6172	860
6173	733
6174	638
6175	575
6176	544
6177	545
6178	578
6179	643
6180	740
6181	869
6182	6
6183	199
6184	424
6185	681
6186	970
6187	267
6188	620
6189	1005
6190	398
6191	847
6192	304
6193	817
6194	338
6195	915
6196	500
6197	117
6198	790
6199	471
6200	184
6201	953
6202	730
6203	539
6204	380
6205	253
6206	158
6207	95
6208	64
6209	65
6210	98
6211	163
6212	260
6213	389
6214	550
6215	743
6216	968
6217	201
6218	490
6219	811
6220	140
6221	525
6222	942
6223	367
6224	848
6225	337
6226	882
6227	435
6228	20
6229	661
6230	310
6231	1015
6232	728
6233	473
6234	250
6235	59
6236	924
6237	797
6238	702
6239	639
6240	608
6241	609
6242	642
6243	707
6244	804
6245	933
6246	70
6247	263
6248	488
6249	745
6250	10
6251	331
6252	684
6253	45
6254	462
6255	911
6256	368
6257	881
6258	402
6259	979
6260	564
6261	181
6262	854
6263	535
6264	248
6265	1017
6266	794
6267	603
6268	444
6269	317
6270	222
6271	159
6272	128
6273	129
6274	162
6275	227
6276	324
6277	453
6278	614
6279	807
6280	8
6281	265
6282	554
6283	875
6284	204
6285	589
6286	1006
6287	431
6288	912
6289	401
6290	946
6291	499
6292	84
6293	725
6294	374
6295	55
6296	792
6297	537
6298	314
6299	123
6300	988
6301	861
6302	766
6303	703
6304	672
6305	673
6306	706
6307	771
6308	868
6309	997
6310	134
6311	327
6312	552
6313	809
6314	74
6315	395
6316	748
6317	109
6318	526
6319	975
6320	432
6321	945
6322	466
6323	19
6324	628
6325	245
6326	918
6327	599
6328	312
6329	57
6330	858
6331	667
6332	508
6333	381
6334	286
6335	223
6336	192
6337	193
6338	226
6339	291
6340	388
6341	517
6342	678
6343	871
6344	72
6345	329
6346	618
6347	939
6348	268
6349	653
6350	46
6351	495
6352	976
6353	465
6354	1010
6355	563
6356	148
6357	789
6358	438
6359	119
6360	856
6361	601
6362	378
6363	187
6364	28
6365	925
6366	830
6367	767
6368	736
6369	737
6370	770
6371	835
6372	932
6373	37
6374	198
6375	391
6376	616
6377	873
6378	138
6379	459
6380	812
6381	173
6382	590
6383	15
6384	496
6385	1009
6386	530
6387	83
6388	692
6389	309
6390	982
6391	663
6392	376
6393	121
6394	922
6395	731
6396	572
6397	445
6398	350
6399	287
6400	256
6401	257
6402	290
6403	355
6404	452
6405	581
6406	742
6407	935
6408	136
6409	393
6410	682
6411	1003
6412	332
6413	717
6414	110
6415	559
6416	16
6417	529
6418	50
6419	627
6420	212
6421	853
6422	502
6423	183
6424	920
6425	665
6426	442
6427	251
6428	92
6429	989
6430	894
6431	831
6432	800
6433	801
6434	834
6435	899
6436	996
6437	101
6438	262
6439	455
6440	680
6441	937
6442	202
6443	523
6444	876
6445	237
6446	654
6447	79
6448	560
6449	49
6450	594
6451	147
6452	756
6453	373
6454	22
6455	727
6456	440
6457	185
6458	986
6459	795
6460	636
6461	509
6462	414
6463	351
6464	320
6465	321
6466	354
6467	419
6468	516
6469	645
6470	806
6471	999
6472	200
6473	457
6474	746
6475	43
6476	396
6477	781
6478	174
6479	623
6480	80
6481	593
6482	114
6483	691
6484	276
6485	917
6486	566
6487	247
6488	984
6489	729
6490	506
6491	315
6492	156
6493	29
6494	958
6495	895
6496	864
6497	865
6498	898
6499	963
6500	36
6501	165
6502	326
6503	519
6504	744
6505	1001
6506	266
6507	587
6508	940
6509	301
6510	718
6511	143
6512	624
6513	113
6514	658
6515	211
6516	820
6517	437
6518	86
6519	791
6520	504
6521	249
6522	26
6523	859
6524	700
6525	573
6526	478
6527	415
6528	384
6529	385
6530	418
6531	483
6532	580
6533	709
6534	870
6535	39
6536	264
6537	521
6538	810
6539	107
6540	460
6541	845
6542	238
6543	687
6544	144
6545	657
6546	178
6547	755
6548	340
6549	981
6550	630
6551	311
6552	24
6553	793
6554	570
6555	379
6556	220
6557	93
6558	1022
6559	959
6560	928
6561	929
6562	962
6563	3
6564	100
6565	229
6566	390
6567	583
6568	808
6569	41
6570	330
6571	651
6572	1004
6573	365
6574	782
6575	207
6576	688
6577	177
6578	722
6579	275
6580	884
6581	501
6582	150
6583	855
6584	568
6585	313
6586	90
6587	923
6588	764
6589	637
6590	542
6591	479
6592	448
6593	449
6594	482
6595	547
6596	644
6597	773
6598	934
6599	103
6600	328
6601	585
6602	874
6603	171
6604	524
6605	909
6606	302
6607	751
6608	208
6609	721
6610	242
6611	819
6612	404
6613	21
6614	694
6615	375
6616	88
6617	857
6618	634
6619	443
6620	284
6621	157
6622	62
6623	1023
6624	992
6625	993
6626	2
6627	67
6628	164
6629	293
6630	454
6631	647
6632	872
6633	105
6634	394
6635	715
6636	44
6637	429
6638	846
6639	271
6640	752
6641	241
6642	786
6643	339
6644	948
6645	565
6646	214
6647	919
6648	632
6649	377
6650	154
6651	987
6652	828
6653	701
6654	606
6655	543
6656	512
6657	513
6658	546
6659	611
6660	708
6661	837
6662	998
6663	167
6664	392
6665	649
6666	938
6667	235
6668	588
6669	973
6670	366
6671	815
6672	272
6673	785
6674	306
6675	883
6676	468
6677	85
6678	758
6679	439
6680	152
6681	921
6682	698
6683	507
6684	348
6685	221
6686	126
6687	63
6688	32
6689	33
6690	66
6691	131
6692	228
6693	357
6694	518
6695	711
6696	936
6697	169
6698	458
6699	779
6700	108
6701	493
6702	910
6703	335
6704	816
6705	305
6706	850
6707	403
6708	1012
6709	629
6710	278
6711	983
6712	696
6713	441
6714	218
6715	27
6716	892
6717	765
6718	670
6719	607
6720	576
6721	577
6722	610
6723	675
6724	772
6725	901
6726	38
6727	231
6728	456
6729	713
6730	1002
6731	299
6732	652
6733	13
6734	430
6735	879
6736	336
6737	849
6738	370
6739	947
6740	532
6741	149
6742	822
6743	503
6744	216
6745	985
6746	762
6747	571
6748	412
6749	285
6750	190
6751	127
6752	96
6753	97
6754	130
6755	195
6756	292
6757	421
6758	582
6759	775
6760	1000
6761	233
6762	522
6763	843
6764	172
6765	557
6766	974
6767	399
6768	880
6769	369
6770	914
6771	467
6772	52
6773	693
6774	342
6775	23
6776	760
6777	505
6778	282
6779	91
6780	956
6781	829
6782	734
6783	671
6784	640
6785	641
6786	674
6787	739
6788	836
6789	965
6790	102
6791	295
6792	520
6793	777
6794	42
6795	363
6796	716
6797	77
6798	494
6799	943
6800	400
6801	913
6802	434
6803	1011
6804	596
6805	213
6806	886
6807	567
6808	280
6809	25
6810	826
6811	635
6812	476
6813	349
6814	254
6815	191
6816	160
6817	161
6818	194
6819	259
6820	356
6821	485
6822	646
6823	839
6824	40
6825	297
6826	586
6827	907
6828	236
6829	621
6830	14
6831	463
6832	944
6833	433
6834	978
6835	531
6836	116
6837	757
6838	406
6839	87
6840	824
6841	569
6842	346
6843	155
6844	1020
6845	893
6846	798
6847	735
6848	704
6849	705
6850	738
6851	803
6852	900
6853	5
6854	166
6855	359
6856	584
6857	841
6858	106
6859	427
6860	780
6861	141
6862	558
6863	1007
6864	464
6865	977
6866	498
6867	51
6868	660
6869	277
6870	950
6871	631
6872	344
6873	89
6874	890
6875	699
6876	540
6877	413
6878	318
6879	255
6880	224
6881	225
6882	258
6883	323
6884	420
6885	549
6886	710
6887	903
6888	104
6889	361
6890	650
6891	971
6892	300
6893	685
6894	78
6895	527
6896	1008
6897	497
6898	18
6899	595
6900	180
6901	821
6902	470
6903	151
6904	888
6905	633
6906	410
6907	219
6908	60
6909	957
6910	862
6911	799
6912	768
6913	769
6914	802
6915	867
6916	964
6917	69
6918	230
6919	423
6920	648
6921	905
6922	170
6923	491
6924	844
6925	205
6926	622
6927	47
6928	528
6929	17
6930	562
6931	115
6932	724
6933	341
6934	1014
6935	695
6936	408
6937	153
6938	954
6939	763
6940	604
6941	477
6942	382
6943	319
6944	288
6945	289
6946	322
6947	387
6948	484
6949	613
6950	774
6951	967
6952	168
6953	425
6954	714
6955	11
6956	364
6957	749
6958	142
6959	591
6960	48
6961	561
6962	82
6963	659
6964	244
6965	885
6966	534
6967	215
6968	952
6969	697
6970	474
6971	283
6972	124
6973	1021
6974	926
6975	863
6976	832
6977	833
6978	866
6979	931
6980	4
6981	133
6982	294
6983	487
6984	712
6985	969
6986	234
6987	555
6988	908
6989	269
6990	686
6991	111
6992	592
6993	81
6994	626
6995	179
6996	788
6997	405
6998	54
6999	759
7000	472
7001	217
7002	1018
7003	827
7004	668
7005	541
7006	446
7007	383
7008	352
7009	353
7010	386
7011	451
7012	548
7013	677
7014	838
7015	7
7016	232
7017	489
7018	778
7019	75
7020	428
7021	813
7022	206
7023	655
7024	112
7025	625
7026	146
7027	723
7028	308
7029	949
7030	598
7031	279
7032	1016
7033	761
7034	538
7035	347
7036	188
7037	61
7038	990
7039	927
7040	896
7041	897
7042	930
7043	995
7044	68
7045	197
7046	358
7047	551
7048	776
7049	9
7050	298
7051	619
7052	972
7053	333
7054	750
7055	175
7056	656
7057	145
7058	690
7059	243
7060	852
7061	469
7062	118
7063	823
7064	536
7065	281
7066	58
7067	891
7068	732
7069	605
7070	510
7071	447
7072	416
7073	417
7074	450
7075	515
7076	612
7077	741
7078	902
7079	71
7080	296
7081	553
7082	842
7083	139
7084	492
7085	877
7086	270
7087	719
7088	176
7089	689
7090	210
7091	787
7092	372
7093	1013
7094	662
7095	343
7096	56
7097	825
7098	602
7099	411
7100	252
7101	125
7102	30
7103	991
7104	960
7105	961
7106	994
7107	35
7108	132
7109	261
7110	422
7111	615
7112	840
7113	73
7114	362
7115	683
7116	12
7117	397
7118	814
7119	239
7120	720
7121	209
7122	754
7123	307
7124	916
7125	533
7126	182
7127	887
7128	600
7129	345
7130	122
7131	955
7132	796
7133	669
7134	574
7135	511
7136	480
7137	481
7138	514
7139	579
7140	676
7141	805
7142	966
7143	135
7144	360
7145	617
7146	906
7147	203
7148	556
7149	941
7150	334
7151	783
7152	240
7153	753
7154	274
7155	851
7156	436
7157	53
7158	726
7159	407
7160	120
7161	889
7162	666
7163	475
7164	316
7165	189
7166	94
7167	31
7168	0
7169	1
7170	34
7171	99
7172	196
7173	325
7174	486
7175	679
7176	904
7177	137
7178	426
7179	747
7180	76
7181	461
7182	878
7183	303
7184	784
7185	273
7186	818
7187	371
7188	980
7189	597
7190	246
7191	951
7192	664
7193	409
7194	186
7195	1019
7196	860
7197	733
7198	638
7199	575
7200	544
7201	545
7202	578
7203	643
7204	740
7205	869
7206	6
7207	199
7208	424
7209	681
7210	970
7211	267
7212	620
7213	1005
7214	398
7215	847
7216	304
7217	817
7218	338
7219	915
7220	500
7221	117
7222	790
7223	471
7224	184
7225	953
7226	730
7227	539
7228	380
7229	253
7230	158
7231	95
7232	64
7233	65
7234	98
7235	163
7236	260
7237	389
7238	550
7239	743
7240	968
7241	201
7242	490
7243	811
7244	140
7245	525
7246	942
7247	367
7248	848
7249	337
7250	882
7251	435
7252	20
7253	661
7254	310
7255	1015
7256	728
7257	473
7258	250
7259	59
7260	924
7261	797
7262	702
7263	639
7264	608
7265	609
7266	642
7267	707
7268	804
7269	933
7270	70
7271	263
7272	488
7273	745
7274	10
7275	331
7276	684
7277	45
7278	462
7279	911
7280	368
7281	881
7282	402
7283	979
7284	564
7285	181
7286	854
7287	535
7288	248
7289	1017
7290	794
7291	603
7292	444
7293	317
7294	222
7295	159
7296	128
7297	129
7298	162
7299	227
7300	324
7301	453
7302	614
7303	807
7304	8
7305	265
7306	554
7307	875
7308	204
7309	589
7310	1006
7311	431
7312	912
7313	401
7314	946
7315	499
7316	84
7317	725
7318	374
7319	55
7320	792
7321	537
7322	314
7323	123
7324	988
7325	861
7326	766
7327	703
7328	672
7329	673
7330	706
7331	771
7332	868
7333	997
7334	134
7335	327
7336	552
7337	809
7338	74
7339	395
7340	748
7341	109
7342	526
7343	975
7344	432
7345	945
7346	466
7347	19
7348	628
7349	245
7350	918
7351	599
7352	312
7353	57
7354	858
7355	667
7356	508
7357	381
7358	286
7359	223
7360	192
7361	193
7362	226
7363	291
7364	388
7365	517
7366	678
7367	871
7368	72
7369	329
7370	618
7371	939
7372	268
7373	653
7374	46
7375	495
7376	976
7377	465
7378	1010
7379	563
7380	148
7381	789
7382	438
7383	119
7384	856
7385	601
7386	378
7387	187
7388	28
7389	925
7390	830
7391	767
7392	736
7393	737
7394	770
7395	835
7396	932
7397	37
7398	198
7399	391
7400	616
7401	873
7402	138
7403	459
7404	812
7405	173
7406	590
7407	15
7408	496
7409	1009
7410	530
7411	83
7412	692
7413	309
7414	982
7415	663
7416	376
7417	121
7418	922
7419	731
7420	572
7421	445
7422	350
7423	287
7424	256
7425	257
7426	290
7427	355
7428	452
7429	581
7430	742
7431	935
7432	136
7433	393
7434	682
7435	1003
7436	332
7437	717
7438	110
7439	559
7440	16
7441	529
7442	50
7443	627
7444	212
7445	853
7446	502
7447	183
7448	920
7449	665
7450	442
7451	251
7452	92
7453	989
7454	894
7455	831
7456	800
7457	801
7458	834
7459	899
7460	996
7461	101
7462	262
7463	455
7464	680
7465	937
7466	202
7467	523
7468	876
7469	237
7470	654
7471	79
7472	560
7473	49
7474	594
7475	147
7476	756
7477	373
7478	22
7479	727
7480	440
7481	185
7482	986
7483	795
7484	636
7485	509
7486	414
7487	351
7488	320
7489	321
7490	354
7491	419
7492	516
7493	645
7494	806
7495	999
7496	200
7497	457
7498	746
7499	43
7500	396
7501	781
7502	174
7503	623
7504	80
7505	593
7506	114
7507	691
7508	276
7509	917
7510	566
7511	247
7512	984
7513	729
7514	506
7515	315
7516	156
7517	29
7518	958
7519	895
7520	864
7521	865
7522	898
7523	963
7524	36
7525	165
7526	326
7527	519
7528	744
7529	1001
7530	266
7531	587
7532	940
7533	301
7534	718
7535	143
7536	624
7537	113
7538	658
7539	211
7540	820
7541	437
7542	86
7543	791
7544	504
7545	249
7546	26
7547	859
7548	700
7549	573
7550	478
7551	415
7552	384
7553	385
7554	418
7555	483
7556	580
7557	709
7558	870
7559	39
7560	264
7561	521
7562	810
7563	107
7564	460
7565	845
7566	238
7567	687
7568	144
7569	657
7570	178
7571	755
7572	340
7573	981
7574	630
7575	311
7576	24
7577	793
7578	570
7579	379
7580	220
7581	93
7582	1022
7583	959
7584	928
7585	929
7586	962
7587	3
7588	100
7589	229
7590	390
7591	583
7592	808
7593	41
7594	330
7595	651
7596	1004
7597	365
7598	782
7599	207
7600	688
7601	177
7602	722
7603	275
7604	884
7605	501
7606	150
7607	855
7608	568
7609	313
7610	90
7611	923
7612	764
7613	637
7614	542
7615	479
7616	448
7617	449
7618	482
7619	547
7620	644
7621	773
7622	934
7623	103
7624	328
7625	585
7626	874
7627	171
7628	524
7629	909
7630	302
7631	751
7632	208
7633	721
7634	242
7635	819
7636	404
7637	21
7638	694
7639	375
7640	88
7641	857
7642	634
7643	443
7644	284
7645	157
7646	62
7647	1023
7648	992
7649	993
7650	2
7651	67
7652	164
7653	293
7654	454
7655	647
7656	872
7657	105
7658	394
7659	715
7660	44
7661	429
7662	846
7663	271
7664	752
7665	241
7666	786
7667	339
7668	948
7669	565
7670	214
7671	919
7672	632
7673	377
7674	154
7675	987
7676	828
7677	701
7678	606
7679	543
7680	512
7681	513
7682	546
7683	611
7684	708
7685	837
7686	998
7687	167
7688	392
7689	649
7690	938
7691	235
7692	588
7693	973
7694	366
7695	815
7696	272
7697	785
7698	306
7699	883
7700	468
7701	85
7702	758
7703	439
7704	152
7705	921
7706	698
7707	507
7708	348
7709	221
7710	126
7711	63
7712	32
7713	33
7714	66
7715	131
7716	228
7717	357
7718	518
7719	711
7720	936
7721	169
7722	458
7723	779
7724	108
7725	493
7726	910
7727	335
7728	816
7729	305
7730	850
7731	403
7732	1012
7733	629
7734	278
7735	983
7736	696
7737	441
7738	218
7739	27
7740	892
7741	765
7742	670
7743	607
7744	576
7745	577
7746	610
7747	675
7748	772
7749	901
7750	38
7751	231
7752	456
7753	713
7754	1002
7755	299
7756	652
7757	13
7758	430
7759	879
7760	336
7761	849
7762	370
7763	947
7764	532
7765	149
7766	822
7767	503
7768	216
7769	985
7770	762
7771	571
7772	412
7773	285
7774	190
7775	127
7776	96
7777	97
7778	130
7779	195
7780	292
7781	421
7782	582
7783	775
7784	1000
7785	233
7786	522
7787	843
7788	172
7789	557
7790	974
7791	399
7792	880
7793	369
7794	914
7795	467
7796	52
7797	693
7798	342
7799	23
7800	760
7801	505
7802	282
7803	91
7804	956
7805	829
7806	734
7807	671
7808	640
7809	641
7810	674
7811	739
7812	836
7813	965
7814	102
7815	295
7816	520
7817	777
7818	42
7819	363
7820	716
7821	77
7822	494
7823	943
7824	400
7825	913
7826	434
7827	1011
7828	596
7829	213
7830	886
7831	567
7832	280
7833	25
7834	826
7835	635
7836	476
7837	349
7838	254
7839	191
7840	160
7841	161
7842	194
7843	259
7844	356
7845	485
7846	646
7847	839
7848	40
7849	297
7850	586
7851	907
7852	236
7853	621
7854	14
7855	463
7856	944
7857	433
7858	978
7859	531
7860	116
7861	757
7862	406
7863	87
7864	824
7865	569
7866	346
7867	155
7868	1020
7869	893
7870	798
7871	735
7872	704
7873	705
7874	738
7875	803
7876	900
7877	5
7878	166
7879	359
7880	584
7881	841
7882	106
7883	427
7884	780
7885	141
7886	558
7887	1007
7888	464
7889	977
7890	498
7891	51
7892	660
7893	277
7894	950
7895	631
7896	344
7897	89
7898	890
7899	699
7900	540
7901	413
7902	318
7903	255
7904	224
7905	225
7906	258
7907	323
7908	420
7909	549
7910	710
7911	903
7912	104
7913	361
7914	650
7915	971
7916	300
7917	685
7918	78
7919	527
7920	1008
7921	497
7922	18
7923	595
7924	180
7925	821
7926	470
7927	151
7928	888
7929	633
7930	410
7931	219
7932	60
7933	957
7934	862
7935	799
7936	768
7937	769
7938	802
7939	867
7940	964
7941	69
7942	230
7943	423
7944	648
7945	905
7946	170
7947	491
7948	844
7949	205
7950	622
7951	47
7952	528
7953	17
7954	562
7955	115
7956	724
7957	341
7958	1014
7959	695
7960	408
7961	153
7962	954
7963	763
7964	604
7965	477
7966	382
7967	319
7968	288
7969	289
7970	322
7971	387
7972	484
7973	613
7974	774
7975	967
7976	168
7977	425
7978	714
7979	11
7980	364
7981	749
7982	142
7983	591
7984	48
7985	561
7986	82
7987	659
7988	244
7989	885
7990	534
7991	215
7992	952
7993	697
7994	474
7995	283
7996	124
7997	1021
7998	926
7999	863
8000	832
8001	833
8002	866
8003	931
8004	4
8005	133
8006	294
8007	487
8008	712
8009	969
8010	234
8011	555
8012	908
8013	269
8014	686
8015	111
8016	592
8017	81
8018	626
8019	179
8020	788
8021	405
8022	54
8023	759
8024	472
8025	217
8026	1018
8027	827
8028	668
8029	541
8030	446
8031	383
8032	352
8033	353
8034	386
8035	451
8036	548
8037	677
8038	838
8039	7
8040	232
8041	489
8042	778
8043	75
8044	428
8045	813
8046	206
8047	655
8048	112
8049	625
8050	146
8051	723
8052	308
8053	949
8054	598
8055	279
8056	1016
8057	761
8058	538
8059	347
8060	188
8061	61
8062	990
8063	927
8064	896
8065	897
8066	930
8067	995
8068	68
8069	197
8070	358
8071	551
8072	776
8073	9
8074	298
8075	619
8076	972
8077	333
8078	750
8079	175
8080	656
8081	145
8082	690
8083	243
8084	852
8085	469
8086	118
8087	823
8088	536
8089	281
8090	58
8091	891
8092	732
8093	605
8094	510
8095	447
8096	416
8097	417
8098	450
8099	515
8100	612
8101	741
8102	902
8103	71
8104	296
8105	553
8106	842
8107	139
8108	492
8109	877
8110	270
8111	719
8112	176
8113	689
8114	210
8115	787
8116	372
8117	1013
8118	662
8119	343
8120	56
8121	825
8122	602
8123	411
8124	252
8125	125
8126	30
8127	991
8128	960
8129	961
8130	994
8131	35
8132	132
8133	261
8134	422
8135	615
8136	840
8137	73
8138	362
8139	683
8140	12
8141	397
8142	814
8143	239
8144	720
8145	209
8146	754
8147	307
8148	916
8149	533
8150	182
8151	887
8152	600
8153	345
8154	122
8155	955
8156	796
8157	669
8158	574
8159	511
8160	480
8161	481
8162	514
8163	579
8164	676
8165	805
8166	966
8167	135
8168	360
8169	617
8170	906
8171	203
8172	556
8173	941
8174	334
8175	783
8176	240
8177	753
8178	274
8179	851
8180	436
8181	53
8182	726
8183	407
8184	120
8185	889
8186	666
8187	475
8188	316
8189	189
8190	94
8191	31
8192	0
8193	1
8194	34
8195	99
8196	196
8197	325
8198	486
8199	679
8200	904
8201	137
8202	426
8203	747
8204	76
8205	461
8206	878
8207	303
8208	784
8209	273
8210	818
8211	371
8212	980
8213	597
8214	246
8215	951
8216	664
8217	409
8218	186
8219	1019
8220	860
8221	733
8222	638
8223	575
8224	544
8225	545
8226	578
8227	643
8228	740
8229	869
8230	6
8231	199
8232	424
8233	681
8234	970
8235	267
8236	620
8237	1005
8238	398
8239	847
8240	304
8241	817
8242	338
8243	915
8244	500
8245	117
8246	790
8247	471
8248	184
8249	953
8250	730
8251	539
8252	380
8253	253
8254	158
8255	95
8256	64
8257	65
8258	98
8259	163
8260	260
8261	389
8262	550
8263	743
8264	968
8265	201
8266	490
8267	811
8268	140
8269	525
8270	942
8271	367
8272	848
8273	337
8274	882
8275	435
8276	20
8277	661
8278	310
8279	1015
8280	728
8281	473
8282	250
8283	59
8284	924
8285	797
8286	702
8287	639
8288	608
8289	609
8290	642
8291	707
8292	804
8293	933
8294	70
8295	263
8296	488
8297	745
8298	10
8299	331
8300	684
8301	45
8302	462
8303	911
8304	368
8305	881
8306	402
8307	979
8308	564
8309	181
8310	854
8311	535
8312	248
8313	1017
8314	794
8315	603
8316	444
8317	317
8318	222
8319	159
8320	128
8321	129
8322	162
8323	227
8324	324
8325	453
8326	614
8327	807
8328	8
8329	265
8330	554
8331	875
8332	204
8333	589
8334	1006
8335	431
8336	912
8337	401
8338	946
8339	499
8340	84
8341	725
8342	374
8343	55
8344	792
8345	537
8346	314
8347	123
8348	988
8349	861
8350	766
8351	703
8352	672
8353	673
8354	706
8355	771
8356	868
8357	997
8358	134
8359	327
8360	552
8361	809
8362	74
8363	395
8364	748
8365	109
8366	526
8367	975
8368	432
8369	945
8370	466
8371	19
8372	628
8373	245
8374	918
8375	599
8376	312
8377	57
8378	858
8379	667
8380	508
8381	381
8382	286
8383	223
8384	192
8385	193
8386	226
8387	291
8388	388
8389	517
8390	678
8391	871
8392	72
8393	329
8394	618
8395	939
8396	268
8397	653
8398	46
8399	495
8400	976
8401	465
8402	1010
8403	563
8404	148
8405	789
8406	438
8407	119
8408	856
8409	601
8410	378
8411	187
8412	28
8413	925
8414	830
8415	767
8416	736
8417	737
8418	770
8419	835
8420	932
8421	37
8422	198
8423	391
8424	616
8425	873
8426	138
8427	459
8428	812
8429	173
8430	590
8431	15
8432	496
8433	1009
8434	530
8435	83
8436	692
8437	309
8438	982
8439	663
8440	376
8441	121
8442	922
8443	731
8444	572
8445	445
8446	350
8447	287
8448	256
8449	257
8450	290
8451	355
8452	452
8453	581
8454	742
8455	935
8456	136
8457	393
8458	682
8459	1003
8460	332
8461	717
8462	110
8463	559
8464	16
8465	529
8466	50
8467	627
8468	212
8469	853
8470	502
8471	183
8472	920
8473	665
8474	442
8475	251
8476	92
8477	989
8478	894
8479	831
8480	800
8481	801
8482	834
8483	899
8484	996
8485	101
8486	262
8487	455
8488	680
8489	937
8490	202
8491	523
8492	876
8493	237
8494	654
8495	79
8496	560
8497	49
8498	594
8499	147
8500	756
8501	373
8502	22
8503	727
8504	440
8505	185
8506	986
8507	795
8508	636
8509	509
8510	414
8511	351
8512	320
8513	321
8514	354
8515	419
8516	516
8517	645
8518	806
8519	999
8520	200
8521	457
8522	746
8523	43
8524	396
8525	781
8526	174
8527	623
8528	80
8529	593
8530	114
8531	691
8532	276
8533	917
8534	566
8535	247
8536	984
8537	729
8538	506
8539	315
8540	156
8541	29
8542	958
8543	895
8544	864
8545	865
8546	898
8547	963
8548	36
8549	165
8550	326
8551	519
8552	744
8553	1001
8554	266
8555	587
8556	940
8557	301
8558	718
8559	143
8560	624
8561	113
8562	658
8563	211
8564	820
8565	437
8566	86
8567	791
8568	504
8569	249
8570	26
8571	859
8572	700
8573	573
8574	478
8575	415
8576	384
8577	385
8578	418
8579	483
8580	580
8581	709
8582	870
8583	39
8584	264
8585	521
8586	810
8587	107
8588	460
8589	845
8590	238
8591	687
8592	144
8593	657
8594	178
8595	755
8596	340
8597	981
8598	630
8599	311
8600	24
8601	793
8602	570
8603	379
8604	220
8605	93
8606	1022
8607	959
8608	928
8609	929
8610	962
8611	3
8612	100
8613	229
8614	390
8615	583
8616	808
8617	41
8618	330
8619	651
8620	1004
8621	365
8622	782
8623	207
8624	688
8625	177
8626	722
8627	275
8628	884
8629	501
8630	150
8631	855
8632	568
8633	313
8634	90
8635	923
8636	764
8637	637
8638	542
8639	479
8640	448
8641	449
8642	482
8643	547
8644	644
8645	773
8646	934
8647	103
8648	328
8649	585
8650	874
8651	171
8652	524
8653	909
8654	302
8655	751
8656	208
8657	721
8658	242
8659	819
8660	404
8661	21
8662	694
8663	375
8664	88
8665	857
8666	634
8667	443
8668	284
8669	157
8670	62
8671	1023
8672	992
8673	993
8674	2
8675	67
8676	164
8677	293
8678	454
8679	647
8680	872
8681	105
8682	394
8683	715
8684	44
8685	429
8686	846
8687	271
8688	752
8689	241
8690	786
8691	339
8692	948
8693	565
8694	214
8695	919
8696	632
8697	377
8698	154
8699	987
8700	828
8701	701
8702	606
8703	543
8704	512
8705	513
8706	546
8707	611
8708	708
8709	837
8710	998
8711	167
8712	392
8713	649
8714	938
8715	235
8716	588
8717	973
8718	366
8719	815
8720	272
8721	785
8722	306
8723	883
8724	468
8725	85
8726	758
8727	439
8728	152
8729	921
8730	698
8731	507
8732	348
8733	221
8734	126
8735	63
8736	32
8737	33
8738	66
8739	131
8740	228
8741	357
8742	518
8743	711
8744	936
8745	169
8746	458
8747	779
8748	108
8749	493
8750	910
8751	335
8752	816
8753	305
8754	850
8755	403
8756	1012
8757	629
8758	278
8759	983
8760	696
8761	441
8762	218
8763	27
8764	892
8765	765
8766	670
8767	607
8768	576
8769	577
8770	610
8771	675
8772	772
8773	901
8774	38
8775	231
8776	456
8777	713
8778	1002
8779	299
8780	652
8781	13
8782	430
8783	879
8784	336
8785	849
8786	370
8787	947
8788	532
8789	149
8790	822
8791	503
8792	216
8793	985
8794	762
8795	571
8796	412
8797	285
8798	190
8799	127
8800	96
8801	97
8802	130
8803	195
8804	292
8805	421
8806	582
8807	775
8808	1000
8809	233
8810	522
8811	843
8812	172
8813	557
8814	974
8815	399
8816	880
8817	369
8818	914
8819	467
8820	52
8821	693
8822	342
8823	23
8824	760
8825	505
8826	282
8827	91
8828	956
8829	829
8830	734
8831	671
8832	640
8833	641
8834	674
8835	739
8836	836
8837	965
8838	102
8839	295
8840	520
8841	777
8842	42
8843	363
8844	716
8845	77
8846	494
8847	943
8848	400
8849	913
8850	434
8851	1011
8852	596
8853	213
8854	886
8855	567
8856	280
8857	25
8858	826
8859	635
8860	476
8861	349
8862	254
8863	191
8864	160
8865	161
8866	194
8867	259
8868	356
8869	485
8870	646
8871	839
8872	40
8873	297
8874	586
8875	907
8876	236
8877	621
8878	14
8879	463
8880	944
8881	433
8882	978
8883	531
8884	116
8885	757
8886	406
8887	87
8888	824
8889	569
8890	346
8891	155
8892	1020
8893	893
8894	798
8895	735
8896	704
8897	705
8898	738
8899	803
8900	900
8901	5
8902	166
8903	359
8904	584
8905	841
8906	106
8907	427
8908	780
8909	141
8910	558
8911	1007
8912	464
8913	977
8914	498
8915	51
8916	660
8917	277
8918	950
8919	631
8920	344
8921	89
8922	890
8923	699
8924	540
8925	413
8926	318
8927	255
8928	224
8929	225
8930	258
8931	323
8932	420
8933	549
8934	710
8935	903
8936	104
8937	361
8938	650
8939	971
8940	300
8941	685
8942	78
8943	527
8944	1008
8945	497
8946	18
8947	595
8948	180
8949	821
8950	470
8951	151
8952	888
8953	633
8954	410
8955	219
8956	60
8957	957
8958	862
8959	799
8960	768
8961	769
8962	802
8963	867
8964	964
8965	69
8966	230
8967	423
8968	648
8969	905
8970	170
8971	491
8972	844
8973	205
8974	622
8975	47
8976	528
8977	17
8978	562
8979	115
8980	724
8981	341
8982	1014
8983	695
8984	408
8985	153
8986	954
8987	763
8988	604
8989	477
8990	382
8991	319
8992	288
8993	289
8994	322
8995	387
8996	484
8997	613
8998	774
8999	967
9000	168
9001	425
9002	714
9003	11
9004	364
9005	749
9006	142
9007	591
9008	48
9009	561
9010	82
9011	659
9012	244
9013	885
9014	534
9015	215
9016	952
9017	697
9018	474
9019	283
9020	124
9021	1021
9022	926
9023	863
9024	832
9025	833
9026	866
9027	931
9028	4
9029	133
9030	294
9031	487
9032	712
9033	969
9034	234
9035	555
9036	908
9037	269
9038	686
9039	111
9040	592
9041	81
9042	626
9043	179
9044	788
9045	405
9046	54
9047	759
9048	472
9049	217
9050	1018
9051	827
9052	668
9053	541
9054	446
9055	383
9056	352
9057	353
9058	386
9059	451
9060	548
9061	677
9062	838
9063	7
9064	232
9065	489
9066	778
9067	75
9068	428
9069	813
9070	206
9071	655
9072	112
9073	625
9074	146
9075	723
9076	308
9077	949
9078	598
9079	279
9080	1016
9081	761
9082	538
9083	347
9084	188
9085	61
9086	990
9087	927
9088	896
9089	897
9090	930
9091	995
9092	68
9093	197
9094	358
9095	551
9096	776
9097	9
9098	298
9099	619
9100	972
9101	333
9102	750
9103	175
9104	656
9105	145
9106	690
9107	243
9108	852
9109	469
9110	118
9111	823
9112	536
9113	281
9114	58
9115	891
9116	732
9117	605
9118	510
9119	447
9120	416
9121	417
9122	450
9123	515
9124	612
9125	741
9126	902
9127	71
9128	296
9129	553
9130	842
9131	139
9132	492
9133	877
9134	270
9135	719
9136	176
9137	689
9138	210
9139	787
9140	372
9141	1013
9142	662
9143	343
9144	56
9145	825
9146	602
9147	411
9148	252
9149	125
9150	30
9151	991
9152	960
9153	961
9154	994
9155	35
9156	132
9157	261
9158	422
9159	615
9160	840
9161	73
9162	362
9163	683
9164	12
9165	397
9166	814
9167	239
9168	720
9169	209
9170	754
9171	307
9172	916
9173	533
9174	182
9175	887
9176	600
9177	345
9178	122
9179	955
9180	796
9181	669
9182	574
9183	511
9184	480
9185	481
9186	514
9187	579
9188	676
9189	805
9190	966
9191	135
9192	360
9193	617
9194	906
9195	203
9196	556
9197	941
9198	334
9199	783
9200	240
9201	753
9202	274
9203	851
9204	436
9205	53
9206	726
9207	407
9208	120
9209	889
9210	666
9211	475
9212	316
9213	189
9214	94
9215	31
9216	0
9217	1
9218	34
9219	99
9220	196
9221	325
9222	486
9223	679
9224	904
9225	137
9226	426
9227	747
9228	76
9229	461
9230	878
9231	303
9232	784
9233	273
9234	818
9235	371
9236	980
9237	597
9238	246
9239	951
9240	664
9241	409
9242	186
9243	1019
9244	860
9245	733
9246	638
9247	575
9248	544
9249	545
9250	578
9251	643
9252	740
9253	869
9254	6
9255	199
9256	424
9257	681
9258	970
9259	267
9260	620
9261	1005
9262	398
9263	847
9264	304
9265	817
9266	338
9267	915
9268	500
9269	117
9270	790
9271	471
9272	184
9273	953
9274	730
9275	539
9276	380
9277	253
9278	158
9279	95
9280	64
9281	65
9282	98
9283	163
9284	260
9285	389
9286	550
9287	743
9288	968
9289	201
9290	490
9291	811
9292	140
9293	525
9294	942
9295	367
9296	848
9297	337
9298	882
9299	435
9300	20
9301	661
9302	310
9303	1015
9304	728
9305	473
9306	250
9307	59
9308	924
9309	797
9310	702
9311	639
9312	608
9313	609
9314	642
9315	707
9316	804
9317	933
9318	70
9319	263
9320	488
9321	745
9322	10
9323	331
9324	684
9325	45
9326	462
9327	911
9328	368
9329	881
9330	402
9331	979
9332	564
9333	181
9334	854
9335	535
9336	248
9337	1017
9338	794
9339	603
9340	444
9341	317
9342	222
9343	159
9344	128
9345	129
9346	162
9347	227
9348	324
9349	453
9350	614
9351	807
9352	8
9353	265
9354	554
9355	875
9356	204
9357	589
9358	1006
9359	431
9360	912
9361	401
9362	946
9363	499
9364	84
9365	725
9366	374
9367	55
9368	792
9369	537
9370	314
9371	123
9372	988
9373	861
9374	766
9375	703
9376	672
9377	673
9378	706
9379	771
9380	868
9381	997
9382	134
9383	327
9384	552
9385	809
9386	74
9387	395
9388	748
9389	109
9390	526
9391	975
9392	432
9393	945
9394	466
9395	19
9396	628
9397	245
9398	918
9399	599
9400	312
9401	57
9402	858
9403	667
9404	508
9405	381
9406	286
9407	223
9408	192
9409	193
9410	226
9411	291
9412	388
9413	517
9414	678
9415	871
9416	72
9417	329
9418	618
9419	939
9420	268
9421	653
9422	46
9423	495
9424	976
9425	465
9426	1010
9427	563
9428	148
9429	789
9430	438
9431	119
9432	856
9433	601
9434	378
9435	187
9436	28
9437	925
9438	830
9439	767
9440	736
9441	737
9442	770
9443	835
9444	932
9445	37
9446	198
9447	391
9448	616
9449	873
9450	138
9451	459
9452	812
9453	173
9454	590
9455	15
9456	496
9457	1009
9458	530
9459	83
9460	692
9461	309
9462	982
9463	663
9464	376
9465	121
9466	922
9467	731
9468	572
9469	445
9470	350
9471	287
9472	256
9473	257
9474	290
9475	355
9476	452
9477	581
9478	742
9479	935
9480	136
9481	393
9482	682
9483	1003
9484	332
9485	717
9486	110
9487	559
9488	16
9489	529
9490	50
9491	627
9492	212
9493	853
9494	502
9495	183
9496	920
9497	665
9498	442
9499	251
9500	92
9501	989
9502	894
9503	831
9504	800
9505	801
9506	834
9507	899
9508	996
9509	101
9510	262
9511	455
9512	680
9513	937
9514	202
9515	523
9516	876
9517	237
9518	654
9519	79
9520	560
9521	49
9522	594
9523	147
9524	756
9525	373
9526	22
9527	727
9528	440
9529	185
9530	986
9531	795
9532	636
9533	509
9534	414
9535	351
9536	320
9537	321
9538	354
9539	419
9540	516
9541	645
9542	806
9543	999
9544	200
9545	457
9546	746
9547	43
9548	396
9549	781
9550	174
9551	623
9552	80
9553	593
9554	114
9555	691
9556	276
9557	917
9558	566
9559	247
9560	984
9561	729
9562	506
9563	315
9564	156
9565	29
9566	958
9567	895
9568	864
9569	865
9570	898
9571	963
9572	36
9573	165
9574	326
9575	519
9576	744
9577	1001
9578	266
9579	587
9580	940
9581	301
9582	718
9583	143
9584	624
9585	113
9586	658
9587	211
9588	820
9589	437
9590	86
9591	791
9592	504
9593	249
9594	26
9595	859
9596	700
9597	573
9598	478
9599	415
9600	384
9601	385
9602	418
9603	483
9604	580
9605	709
9606	870
9607	39
9608	264
9609	521
9610	810
9611	107
9612	460
9613	845
9614	238
9615	687
9616	144
9617	657
9618	178
9619	755
9620	340
9621	981
9622	630
9623	311
9624	24
9625	793
9626	570
9627	379
9628	220
9629	93
9630	1022
9631	959
9632	928
9633	929
9634	962
9635	3
9636	100
9637	229
9638	390
9639	583
9640	808
9641	41
9642	330
9643	651
9644	1004
9645	365
9646	782
9647	207
9648	688
9649	177
9650	722
9651	275
9652	884
9653	501
9654	150
9655	855
9656	568
9657	313
9658	90
9659	923
9660	764
9661	637
9662	542
9663	479
9664	448
9665	449
9666	482
9667	547
9668	644
9669	773
9670	934
9671	103
9672	328
9673	585
9674	874
9675	171
9676	524
9677	909
9678	302
9679	751
9680	208
9681	721
9682	242
9683	819
9684	404
9685	21
9686	694
9687	375
9688	88
9689	857
9690	634
9691	443
9692	284
9693	157
9694	62
9695	1023
9696	992
9697	993
9698	2
9699	67
9700	164
9701	293
9702	454
9703	647
9704	872
9705	105
9706	394
9707	715
9708	44
9709	429
9710	846
9711	271
9712	752
9713	241
9714	786
9715	339
9716	948
9717	565
9718	214
9719	919
9720	632
9721	377
9722	154
9723	987
9724	828
9725	701
9726	606
9727	543
9728	512
9729	513
9730	546
9731	611
9732	708
9733	837
9734	998
9735	167
9736	392
9737	649
9738	938
9739	235
9740	588
9741	973
9742	366
9743	815
9744	272
9745	785
9746	306
9747	883
9748	468
9749	85
9750	758
9751	439
9752	152
9753	921
9754	698
9755	507
9756	348
9757	221
9758	126
9759	63
9760	32
9761	33
9762	66
9763	131
9764	228
9765	357
9766	518
9767	711
9768	936
9769	169
9770	458
9771	779
9772	108
9773	493
9774	910
9775	335
9776	816
9777	305
9778	850
9779	403
9780	1012
9781	629
9782	278
9783	983
9784	696
9785	441
9786	218
9787	27
9788	892
9789	765
9790	670
9791	607
9792	576
9793	577
9794	610
9795	675
9796	772
9797	901
9798	38
9799	231
9800	456
9801	713
9802	1002
9803	299
9804	652
9805	13
9806	430
9807	879
9808	336
9809	849
9810	370
9811	947
9812	532
9813	149
9814	822
9815	503
9816	216
9817	985
9818	762
9819	571
9820	412
9821	285
9822	190
9823	127
9824	96
9825	97
9826	130
9827	195
9828	292
9829	421
9830	582
9831	775
9832	1000
9833	233
9834	522
9835	843
9836	172
9837	557
9838	974
9839	399
9840	880
9841	369
9842	914
9843	467
9844	52
9845	693
9846	342
9847	23
9848	760
9849	505
9850	282
9851	91
9852	956
9853	829
9854	734
9855	671
9856	640
9857	641
9858	674
9859	739
9860	836
9861	965
9862	102
9863	295
9864	520
9865	777
9866	42
9867	363
9868	716
9869	77
9870	494
9871	943
9872	400
9873	913
9874	434
9875	1011
9876	596
9877	213
9878	886
9879	567
9880	280
9881	25
9882	826
9883	635
9884	476
9885	349
9886	254
9887	191
9888	160
9889	161
9890	194
9891	259
9892	356
9893	485
9894	646
9895	839
9896	40
9897	297
9898	586
9899	907
9900	236
9901	621
9902	14
9903	463
9904	944
9905	433
9906	978
9907	531
9908	116
9909	757
9910	406
9911	87
9912	824
9913	569
9914	346
9915	155
9916	1020
9917	893
9918	798
9919	735
9920	704
9921	705
9922	738
9923	803
9924	900
9925	5
9926	166
9927	359
9928	584
9929	841
9930	106
9931	427
9932	780
9933	141
9934	558
9935	1007
9936	464
9937	977
9938	498
9939	51
9940	660
9941	277
9942	950
9943	631
9944	344
9945	89
9946	890
9947	699
9948	540
9949	413
9950	318
9951	255
9952	224
9953	225
9954	258
9955	323
9956	420
9957	549
9958	710
9959	903
9960	104
9961	361
9962	650
9963	971
9964	300
9965	685
9966	78
9967	527
9968	1008
9969	497
9970	18
9971	595
9972	180
9973	821
9974	470
9975	151
9976	888
9977	633
9978	410
9979	219
9980	60
9981	957
9982	862
9983	799
9984	768
9985	769
9986	802
9987	867
9988	964
9989	69
9990	230
9991	423
9992	648
9993	905
9994	170
9995	491
9996	844
9997	205
9998	622
9999	47
