0.5 0
1.5 0
2.5 0
3.5 0
4.5 0
5.5 0
6.5 0
7.5 0
8.5 0
9.5 0
10.5 0
11.5 0
12.5 0
13.5 0
14.5 0
15.5 0
16.5 0
17.5 0
18.5 0
19.5 0
20.5 0
21.5 0
22.5 0
23.5 0
24.5 0
25.5 0
26.5 0
27.5 0
28.5 0
29.5 0
30.5 0
31.5 0
32.5 0
33.5 89
34.5 100
35.5 115
36.5 114
37.5 94
38.5 105
39.5 108
40.5 97
41.5 94
42.5 95
43.5 96
44.5 97
45.5 109
46.5 104
47.5 102
48.5 84
49.5 96
50.5 114
51.5 88
52.5 88
53.5 85
54.5 91
55.5 90
56.5 94
57.5 100
58.5 91
59.5 93
60.5 96
61.5 91
62.5 95
63.5 98
64.5 99
65.5 109
66.5 88
67.5 91
68.5 108
69.5 96
70.5 109
71.5 99
72.5 117
73.5 103
74.5 94
75.5 113
76.5 124
77.5 99
78.5 106
79.5 95
80.5 95
81.5 107
82.5 101
83.5 97
84.5 104
85.5 108
86.5 117
87.5 107
88.5 107
89.5 100
90.5 106
91.5 104
92.5 106
93.5 84
94.5 98
95.5 101
96.5 92
97.5 109
98.5 91
99.5 112
100.5 99
101.5 99
102.5 105
103.5 86
104.5 112
105.5 96
106.5 103
107.5 101
108.5 103
109.5 111
110.5 86
111.5 95
112.5 102
113.5 103
114.5 108
115.5 109
116.5 110
117.5 92
118.5 106
119.5 115
120.5 89
121.5 96
122.5 108
123.5 83
124.5 90
125.5 117
126.5 92
127.5 118
128.5 122
129.5 93
130.5 109
131.5 119
132.5 96
133.5 113
134.5 111
135.5 112
136.5 90
137.5 94
138.5 82
139.5 90
140.5 90
141.5 98
142.5 94
143.5 112
144.5 101
145.5 102
146.5 105
147.5 104
148.5 91
149.5 92
150.5 113
151.5 98
152.5 105
153.5 98
154.5 93
155.5 109
156.5 78
157.5 106
158.5 98
159.5 98
160.5 106
161.5 95
162.5 87
163.5 109
164.5 117
165.5 102
166.5 96
167.5 102
168.5 102
169.5 96
170.5 109
171.5 99
172.5 97
173.5 102
174.5 119
175.5 89
176.5 102
177.5 98
178.5 84
179.5 88
180.5 100
181.5 105
182.5 98
183.5 106
184.5 96
185.5 88
186.5 95
187.5 101
188.5 108
189.5 102
190.5 110
191.5 83
192.5 118
193.5 86
194.5 94
195.5 94
196.5 92
197.5 96
198.5 106
199.5 106
200.5 106
201.5 111
202.5 84
203.5 90
204.5 110
205.5 100
206.5 109
207.5 107
208.5 104
209.5 104
210.5 114
211.5 95
212.5 94
213.5 95
214.5 92
215.5 98
216.5 92
217.5 114
218.5 99
219.5 93
220.5 114
221.5 114
222.5 104
223.5 101
224.5 95
225.5 112
226.5 103
227.5 101
228.5 99
229.5 99
230.5 108
231.5 107
232.5 107
233.5 104
234.5 97
235.5 107
236.5 105
237.5 93
238.5 110
239.5 105
240.5 95
241.5 101
242.5 95
243.5 96
244.5 110
245.5 93
246.5 84
247.5 91
248.5 128
249.5 92
250.5 105
251.5 94
252.5 110
253.5 93
254.5 99
255.5 97
256.5 93
257.5 111
258.5 88
259.5 90
260.5 96
261.5 130
262.5 103
263.5 116
264.5 106
265.5 80
266.5 120
267.5 102
268.5 108
269.5 93
270.5 98
271.5 111
272.5 106
273.5 85
274.5 106
275.5 95
276.5 108
277.5 103
278.5 96
279.5 103
280.5 87
281.5 88
282.5 92
283.5 111
284.5 101
285.5 93
286.5 88
287.5 90
288.5 91
289.5 98
290.5 101
291.5 110
292.5 103
293.5 111
294.5 103
295.5 105
296.5 102
297.5 125
298.5 115
299.5 106
300.5 108
301.5 111
302.5 109
303.5 98
304.5 80
305.5 97
306.5 103
307.5 98
308.5 129
309.5 101
310.5 116
311.5 127
312.5 97
313.5 123
314.5 93
315.5 134
316.5 109
317.5 95
318.5 115
319.5 96
320.5 103
321.5 112
322.5 109
323.5 103
324.5 110
325.5 121
326.5 76
327.5 109
328.5 118
329.5 98
330.5 108
331.5 115
332.5 105
333.5 94
334.5 103
335.5 95
336.5 96
337.5 119
338.5 105
339.5 100
340.5 85
341.5 90
342.5 111
343.5 126
344.5 94
345.5 99
346.5 81
347.5 113
348.5 77
349.5 93
350.5 95
351.5 96
352.5 91
353.5 93
354.5 105
355.5 102
356.5 95
357.5 108
358.5 102
359.5 106
360.5 117
361.5 83
362.5 91
363.5 89
364.5 122
365.5 84
366.5 110
367.5 99
368.5 98
369.5 117
370.5 101
371.5 111
372.5 109
373.5 121
374.5 95
375.5 112
376.5 110
377.5 101
378.5 106
379.5 105
380.5 89
381.5 99
382.5 98
383.5 113
384.5 93
385.5 101
386.5 95
387.5 108
388.5 93
389.5 101
390.5 90
391.5 111
392.5 101
393.5 87
394.5 87
395.5 110
396.5 121
397.5 92
398.5 98
399.5 87
400.5 99
401.5 109
402.5 91
403.5 96
404.5 103
405.5 97
406.5 84
407.5 96
408.5 106
409.5 99
410.5 117
411.5 95
412.5 101
413.5 98
414.5 108
415.5 107
416.5 90
417.5 109
418.5 95
419.5 96
420.5 93
421.5 128
422.5 90
423.5 122
424.5 100
425.5 113
426.5 100
427.5 102
428.5 97
429.5 106
430.5 88
431.5 101
432.5 107
433.5 98
434.5 109
435.5 100
436.5 105
437.5 89
438.5 95
439.5 95
440.5 116
441.5 95
442.5 127
443.5 86
444.5 93
445.5 92
446.5 105
447.5 115
448.5 113
449.5 95
450.5 90
451.5 99
452.5 80
453.5 115
454.5 95
455.5 116
456.5 103
457.5 80
458.5 117
459.5 95
460.5 122
461.5 112
462.5 106
463.5 101
464.5 105
465.5 81
466.5 112
467.5 102
468.5 95
469.5 115
470.5 111
471.5 110
472.5 91
473.5 101
474.5 93
475.5 90
476.5 93
477.5 113
478.5 103
479.5 94
480.5 93
481.5 110
482.5 90
483.5 108
484.5 100
485.5 97
486.5 89
487.5 99
488.5 106
489.5 93
490.5 118
491.5 111
492.5 99
493.5 100
494.5 75
495.5 105
496.5 100
497.5 113
498.5 84
499.5 82
500.5 105
501.5 98
502.5 117
503.5 97
504.5 104
505.5 94
506.5 92
507.5 91
508.5 110
509.5 89
510.5 112
511.5 105
512.5 103
513.5 70
514.5 102
515.5 99
516.5 104
517.5 90
518.5 107
519.5 85
520.5 89
521.5 100
522.5 116
523.5 97
524.5 87
525.5 98
526.5 98
527.5 103
528.5 92
529.5 97
530.5 92
531.5 95
532.5 70
533.5 117
534.5 97
535.5 113
536.5 91
537.5 91
538.5 92
539.5 105
540.5 119
541.5 110
542.5 117
543.5 109
544.5 99
545.5 96
546.5 108
547.5 113
548.5 116
549.5 100
550.5 101
551.5 120
552.5 97
553.5 85
554.5 113
555.5 109
556.5 97
557.5 109
558.5 108
559.5 110
560.5 92
561.5 123
562.5 82
563.5 108
564.5 102
565.5 82
566.5 110
567.5 101
568.5 104
569.5 94
570.5 91
571.5 96
572.5 97
573.5 104
574.5 93
575.5 88
576.5 111
577.5 102
578.5 103
579.5 105
580.5 85
581.5 88
582.5 100
583.5 106
584.5 107
585.5 106
586.5 110
587.5 102
588.5 110
589.5 106
590.5 100
591.5 93
592.5 84
593.5 100
594.5 95
595.5 98
596.5 102
597.5 103
598.5 96
599.5 100
600.5 106
601.5 96
602.5 97
603.5 87
604.5 108
605.5 103
606.5 111
607.5 104
608.5 94
609.5 102
610.5 114
611.5 108
612.5 102
613.5 102
614.5 94
615.5 103
616.5 105
617.5 115
618.5 118
619.5 90
620.5 105
621.5 93
622.5 109
623.5 96
624.5 100
625.5 100
626.5 106
627.5 89
628.5 110
629.5 104
630.5 94
631.5 88
632.5 102
633.5 99
634.5 106
635.5 86
636.5 99
637.5 107
638.5 116
639.5 89
640.5 119
641.5 92
642.5 110
643.5 90
644.5 85
645.5 98
646.5 95
647.5 96
648.5 108
649.5 112
650.5 95
651.5 107
652.5 98
653.5 111
654.5 114
655.5 115
656.5 106
657.5 106
658.5 90
659.5 92
660.5 85
661.5 113
662.5 111
663.5 96
664.5 116
665.5 91
666.5 94
667.5 106
668.5 96
669.5 103
670.5 77
671.5 113
672.5 109
673.5 115
674.5 104
675.5 114
676.5 110
677.5 91
678.5 89
679.5 86
680.5 121
681.5 78
682.5 110
683.5 81
684.5 114
685.5 93
686.5 98
687.5 88
688.5 81
689.5 95
690.5 114
691.5 110
692.5 101
693.5 103
694.5 106
695.5 106
696.5 94
697.5 88
698.5 131
699.5 102
700.5 96
701.5 93
702.5 97
703.5 112
704.5 101
705.5 100
706.5 96
707.5 82
708.5 103
709.5 93
710.5 99
711.5 92
712.5 104
713.5 127
714.5 110
715.5 96
716.5 105
717.5 110
718.5 97
719.5 95
720.5 102
721.5 89
722.5 88
723.5 102
724.5 107
725.5 83
726.5 109
727.5 119
728.5 83
729.5 104
730.5 112
731.5 103
732.5 89
733.5 102
734.5 87
735.5 111
736.5 99
737.5 99
738.5 110
739.5 93
740.5 111
741.5 105
742.5 98
743.5 107
744.5 98
745.5 117
746.5 110
747.5 97
748.5 113
749.5 91
750.5 117
751.5 94
752.5 99
753.5 86
754.5 94
755.5 109
756.5 101
757.5 95
758.5 100
759.5 93
760.5 83
761.5 101
762.5 106
763.5 116
764.5 108
765.5 111
766.5 91
767.5 96
768.5 113
769.5 109
770.5 102
771.5 98
772.5 107
773.5 97
774.5 91
775.5 87
776.5 101
777.5 94
778.5 110
779.5 114
780.5 81
781.5 101
782.5 91
783.5 112
784.5 91
785.5 77
786.5 97
787.5 104
788.5 104
789.5 87
790.5 90
791.5 112
792.5 91
793.5 98
794.5 102
795.5 96
796.5 98
797.5 88
798.5 101
799.5 103
800.5 103
801.5 88
802.5 108
803.5 109
804.5 113
805.5 96
806.5 103
807.5 112
808.5 88
809.5 102
810.5 106
811.5 87
812.5 115
813.5 106
814.5 127
815.5 102
816.5 114
817.5 81
818.5 101
819.5 99
820.5 93
821.5 70
822.5 86
823.5 98
824.5 111
825.5 94
826.5 100
827.5 89
828.5 85
829.5 105
830.5 109
831.5 118
832.5 90
833.5 88
834.5 97
835.5 102
836.5 93
837.5 92
838.5 82
839.5 98
840.5 105
841.5 95
842.5 98
843.5 102
844.5 119
845.5 96
846.5 97
847.5 96
848.5 93
849.5 98
850.5 92
851.5 107
852.5 97
853.5 98
854.5 121
855.5 108
856.5 99
857.5 98
858.5 98
859.5 102
860.5 108
861.5 84
862.5 110
863.5 101
864.5 81
865.5 79
866.5 94
867.5 99
868.5 112
869.5 102
870.5 113
871.5 105
872.5 107
873.5 101
874.5 96
875.5 103
876.5 113
877.5 121
878.5 104
879.5 96
880.5 95
881.5 127
882.5 90
883.5 95
884.5 95
885.5 95
886.5 107
887.5 97
888.5 108
889.5 112
890.5 129
891.5 102
892.5 75
893.5 92
894.5 96
895.5 96
896.5 114
897.5 102
898.5 99
899.5 98
900.5 103
901.5 104
902.5 90
903.5 112
904.5 111
905.5 102
906.5 97
907.5 110
908.5 103
909.5 91
910.5 98
911.5 124
912.5 119
913.5 104
914.5 100
915.5 91
916.5 115
917.5 120
918.5 95
919.5 104
920.5 107
921.5 100
922.5 89
923.5 106
924.5 94
925.5 109
926.5 93
927.5 77
928.5 82
929.5 101
930.5 102
931.5 101
932.5 118
933.5 99
934.5 101
935.5 101
936.5 88
937.5 118
938.5 91
939.5 106
940.5 109
941.5 95
942.5 106
943.5 99
944.5 107
945.5 95
946.5 94
947.5 117
948.5 111
949.5 92
950.5 111
951.5 111
952.5 110
953.5 107
954.5 86
955.5 111
956.5 110
957.5 116
958.5 79
959.5 100
960.5 103
961.5 96
962.5 118
963.5 96
964.5 93
965.5 88
966.5 95
967.5 105
968.5 109
969.5 100
970.5 108
971.5 106
972.5 87
973.5 89
974.5 107
975.5 107
976.5 120
977.5 106
978.5 85
979.5 119
980.5 95
981.5 88
982.5 96
983.5 99
984.5 124
985.5 105
986.5 96
987.5 91
988.5 85
989.5 85
990.5 96
991.5 108
992.5 105
993.5 83
994.5 87
995.5 92
996.5 116
997.5 98
998.5 99
999.5 92
1000.5 96
1001.5 102
1002.5 103
1003.5 103
1004.5 105
1005.5 92
1006.5 98
1007.5 101
1008.5 102
1009.5 89
1010.5 91
1011.5 112
1012.5 110
1013.5 101
1014.5 112
1015.5 93
1016.5 109
1017.5 114
1018.5 117
1019.5 104
1020.5 101
1021.5 112
1022.5 105
1023.5 100
